nm	mua[cm-1]	mua_std[cm-1]
450.0	1.125	0.2516277870384679
452.0	1.111	0.2518257775173587
454.0	1.105	0.2458215753622538
456.0	1.107	0.2515527090533885
458.0	1.101	0.2512477504352336
460.0	1.099	0.2465287902952604
462.0	1.104	0.2513429608137401
464.0	1.107	0.2452671005603564
466.0	1.108	0.2487557679708461
468.0	1.086	0.2468589340763937
470.0	1.082	0.2469833302716982
472.0	1.085	0.2470161688115193
474.0	1.084	0.2449422204480572
476.0	1.076	0.2518879821578543
478.0	1.083	0.2494189296527747
480.0	1.079	0.248819037817139
482.0	1.06	0.2474616817824878
484.0	1.065	0.2511346596628004
486.0	1.059	0.2442408242839709
488.0	1.0539999999999998	0.2518363666263384
490.0	1.052	0.2510635156467161
492.0	1.056	0.2484054829318734
494.0	1.042	0.2503477581285679
496.0	1.043	0.252270577841421
498.0	1.037	0.2462657903692124
500.0	1.042	0.2467540886123542
502.0	1.03	0.2494291259834924
504.0	1.027	0.250195232410587
506.0	1.031	0.2478566391691918
508.0	1.024	0.2503823742465378
510.0	1.024	0.2505529194244177
512.0	1.029	0.2500606346221938
514.0	1.017	0.2489542572888084
516.0	1.011	0.2487681254640826
518.0	1.009	0.2524373531867869
520.0	1.011	0.2496726746050606
522.0	1.008	0.248855950201351
524.0	1.002	0.2513059907516219
526.0	0.9942	0.2524424060950571
528.0	0.9918	0.251983556684769
530.0	0.9984	0.251899039642551
532.0	0.9851	0.2518719770826166
534.0	0.9848	0.2539426507630083
536.0	0.9842	0.2536958200991937
538.0	0.976	0.2506443685905846
540.0	0.9711	0.2538669905460118
542.0	0.9695	0.2528566172535117
544.0	0.9715	0.2510654634026358
546.0	0.9663	0.2527135664476022
548.0	0.965	0.2501481738667881
550.0	0.9636	0.2528002231793045
552.0	0.9649	0.2536765165752013
554.0	0.9556	0.2537137888776774
556.0	0.9509	0.2549194910429178
558.0	0.9459	0.255560457923993
560.0	0.9479	0.2511934112920624
562.0	0.9394	0.2538732273311929
564.0	0.9448	0.2543046729155142
566.0	0.9399	0.2548805389507061
568.0	0.9357	0.2571995641568412
570.0	0.9274	0.2553664904494018
572.0	0.9291	0.2569582071989792
574.0	0.9352	0.2553360666133561
576.0	0.9286	0.2557258447132808
578.0	0.9234	0.2575015948650118
580.0	0.916	0.2585822203697655
582.0	0.9126	0.2565847921361583
584.0	0.9133	0.2579523302692922
586.0	0.9123	0.2567652667753609
588.0	0.9113	0.2576547968134644
590.0	0.9084	0.2571797560337521
592.0	0.9016	0.2590395527261102
594.0	0.9049	0.2579159112655724
596.0	0.9025	0.2596346107727379
598.0	0.9017	0.2566402237460926
600.0	0.8931	0.2589959416241454
602.0	0.8877999999999999	0.2607825691933065
604.0	0.8881	0.2590058986887278
606.0	0.8906000000000001	0.2579962292766847
608.0	0.8813	0.2587690638292408
610.0	0.8831	0.2584654749253661
612.0	0.8795999999999999	0.2600232871812507
614.0	0.8767999999999999	0.2593132901899472
616.0	0.8705	0.2591670236986941
618.0	0.8653	0.2605527462535118
620.0	0.8624999999999999	0.2599731928250571
622.0	0.8631	0.2598626009221502
624.0	0.8567	0.2611320232760565
626.0	0.8559	0.2594958478699194
628.0	0.8555	0.2593388521739726
630.0	0.857	0.260910511596847
632.0	0.8491	0.2625264802634321
634.0	0.8495999999999999	0.2620307064279129
636.0	0.8425	0.2611961010617818
638.0	0.8394	0.2627283632185649
640.0	0.8351999999999999	0.2636433706990947
642.0	0.8341999999999999	0.2618062218087602
644.0	0.839	0.2621826674498357
646.0	0.8309	0.2617342969926223
648.0	0.8272	0.2630811145626119
650.0	0.8264	0.263124292556452
652.0	0.8245	0.2635808372734592
654.0	0.8261000000000001	0.2633982578192615
656.0	0.8201	0.261245933986907
658.0	0.8196000000000001	0.2625173043091224
660.0	0.8179000000000001	0.2648985088670754
662.0	0.8147	0.2628142145281048
664.0	0.8129	0.263203597202331
666.0	0.8064	0.2653210131143027
668.0	0.8032	0.2653104764024384
670.0	0.8015	0.2640363863813724
672.0	0.8009	0.2640044673209756
674.0	0.801	0.2636490826182259
676.0	0.7979	0.2649486803323929
678.0	0.7926	0.2652508205034959
680.0	0.7914	0.2673953576335061
682.0	0.791	0.2650292678922578
684.0	0.7933999999999999	0.2647644571648124
686.0	0.7887	0.2662082995802949
688.0	0.7793	0.2667904296134577
690.0	0.7825	0.2650160162874857
692.0	0.7815	0.265783723456349
694.0	0.7750999999999999	0.2661435860490757
696.0	0.7715	0.2664909939876829
698.0	0.772	0.265698676913492
700.0	0.7665	0.2658490651330163
702.0	0.7643	0.2668802399375716
704.0	0.7625	0.2648082241086095
706.0	0.76	0.2669149029786437
708.0	0.7615	0.2672078679443365
710.0	0.7632	0.2659834920153718
712.0	0.7577	0.2661746910824534
714.0	0.7535000000000001	0.2668037064543478
716.0	0.7461	0.2634604142495476
718.0	0.7479	0.2664349748108703
720.0	0.7496	0.2675195144606911
722.0	0.7435999999999999	0.2674569253423441
724.0	0.7374	0.2699928782782754
726.0	0.7416	0.2680864154947794
728.0	0.7371	0.2680256165203451
730.0	0.7345999999999999	0.2686797161613493
732.0	0.7374999999999999	0.2674878084218438
734.0	0.747	0.2675365704781495
736.0	0.7352000000000001	0.2688957046886394
738.0	0.7371	0.2707497030993663
740.0	0.7384999999999999	0.2693660559513121
742.0	0.7316	0.2696522964627861
744.0	0.7303999999999999	0.2690143944930167
746.0	0.7305	0.2694858992165327
748.0	0.7234	0.2701497230046815
750.0	0.7248	0.2720283767877494
752.0	0.7242	0.2697703014706317
754.0	0.7221	0.2713539718240574
756.0	0.7191000000000001	0.2709463174017691
758.0	0.7088	0.2717962817358473
760.0	0.7066	0.272612578172354
762.0	0.707	0.2749908164572091
764.0	0.7062	0.2736704222235205
766.0	0.7040000000000001	0.273557404091597
768.0	0.7016	0.2716759130441914
770.0	0.7044	0.2715119550377018
772.0	0.7022	0.2727978308990192
774.0	0.6951	0.2705978351632949
776.0	0.6936	0.2706009982370973
778.0	0.691	0.2705541259373591
780.0	0.6882	0.2722028918306851
782.0	0.6875	0.2714256099346468
784.0	0.6835	0.2726138946487423
786.0	0.6809	0.272970606657137
788.0	0.6819999999999999	0.2723753025369568
790.0	0.6799	0.2725359308059157
792.0	0.6734	0.2701278960916727
794.0	0.6755	0.2710382752798332
796.0	0.6715	0.2710075170931383
798.0	0.6689	0.2697664957370025
800.0	0.6642000000000001	0.2720898167794262
802.0	0.6655	0.2698120228127742
804.0	0.6616	0.2681703231571722
806.0	0.6569	0.2698346823565665
808.0	0.6479	0.2696854216799022
810.0	0.6501999999999999	0.2710562549238319
812.0	0.6519999999999999	0.2700862116591572
814.0	0.6465	0.2699710812130774
816.0	0.645	0.2715189923557403
818.0	0.644	0.2683034517523437
820.0	0.6417	0.2697296135845014
822.0	0.6474000000000001	0.2704364953638679
824.0	0.6422	0.2689187444398607
826.0	0.6376999999999999	0.2708149798909457
828.0	0.6399	0.2708924514395215
830.0	0.6368	0.2729836177420827
832.0	0.6404	0.2733210516662604
834.0	0.6391	0.2724361658158558
836.0	0.6317	0.2746443914016724
838.0	0.6314	0.2747203952304152
840.0	0.6323	0.274882553147142
842.0	0.6365999999999999	0.2752952197636046
844.0	0.6303000000000001	0.2751269866178745
846.0	0.6308999999999999	0.2738975292754754
848.0	0.6267	0.275054955227245
850.0	0.625	0.2768189665592182
852.0	0.6224	0.2764974542780135
854.0	0.6203000000000001	0.276996076987864
856.0	0.6168	0.2735386198386069
858.0	0.6173	0.2761484924393815
860.0	0.6135	0.2765839465807313
862.0	0.6135999999999999	0.2759588741948944
864.0	0.6102	0.2754736128162273
866.0	0.6079	0.2797646431476921
868.0	0.6116	0.2762793464664896
870.0	0.6116	0.2786928049056395
872.0	0.6042000000000001	0.2776139485768762
874.0	0.6096	0.2776811151814164
876.0	0.6004	0.2793347056449982
878.0	0.6012	0.2789407694108306
880.0	0.6007	0.277792440501897
882.0	0.6	0.2782692931427628
884.0	0.6005	0.2751346341585883
886.0	0.5991	0.2769531528776823
888.0	0.6019	0.2779127285522526
890.0	0.6028	0.2789043873515628
892.0	0.6048	0.2746488546004395
894.0	0.598	0.2793366856512357
896.0	0.6033000000000001	0.2794197855256672
898.0	0.6005	0.2775776492407569
900.0	0.5912	0.2769982622399473
902.0	0.5971	0.2782791524111475
904.0	0.595	0.2809517598414801
906.0	0.602	0.277353601022233
908.0	0.5962	0.2800556135246474
910.0	0.5952000000000001	0.2799384019545887
912.0	0.5982	0.281145082268836
914.0	0.595	0.2806087936286537
916.0	0.5986	0.2783337888663382
918.0	0.5978	0.2799192189468285
920.0	0.601	0.2816782680056569
922.0	0.6022000000000001	0.2807315025842484
924.0	0.6051	0.2853687287668792
926.0	0.6073	0.2852213128150675
928.0	0.6153	0.2837607247116642
930.0	0.6161	0.2870833758533538
932.0	0.6279	0.288743503160303
934.0	0.6369	0.2908871937816665
936.0	0.6496000000000001	0.2937081952391136
938.0	0.6579999999999999	0.2926142579414361
940.0	0.6668000000000001	0.2961853286185676
942.0	0.6783	0.2986391868971942
944.0	0.6950000000000001	0.3000769448649898
946.0	0.7119	0.3069349687828488
948.0	0.7401000000000001	0.3072017469568383
950.0	0.7488	0.313467138096909
952.0	0.7726	0.3195400112121048
954.0	0.7967000000000001	0.3235389037229096
956.0	0.8254	0.3310051862634985
958.0	0.8540000000000001	0.3365368257141087
960.0	0.8702	0.3381464402618019
962.0	0.8817999999999999	0.3407853765047822
964.0	0.8932	0.3441719240922091
966.0	0.8994000000000001	0.3433877982689542
968.0	0.902	0.3460386687162485
970.0	0.9023	0.3447180601414065
972.0	0.9037	0.3496799298406091
974.0	0.9035	0.3474014168716709
976.0	0.8956	0.3474215562940471
978.0	0.9034	0.3464100635067714
980.0	0.8943	0.3455140414505699
982.0	0.8943	0.3490139188564771
984.0	0.8828	0.3464982992137547
986.0	0.8815000000000001	0.3447066127722079
988.0	0.8759	0.3465283826759361
990.0	0.869	0.3413494498509998
992.0	0.8561000000000001	0.3429423483925361
994.0	0.8452	0.3404061495723405
996.0	0.8294	0.3393516370672859
998.0	0.8258	0.3390238157627293
1000.0	0.8123	0.3350299061646458
1002.0	0.8103	0.3375675903055437
1004.0	0.8084	0.3377350894077841
1006.0	0.7925	0.3337927467423128
1008.0	0.7796000000000001	0.3325836803639717
1010.0	0.7671	0.3292602835462966
1012.0	0.7504	0.3248383966692011
1014.0	0.7503	0.324755956616695
1016.0	0.7353	0.3234510660034457
1018.0	0.7178	0.3204519173885915
1020.0	0.716	0.320178516564019
1022.0	0.6969000000000001	0.3136310563483355
1024.0	0.6844	0.3149633523655304
1026.0	0.6723	0.3134897604014255
1028.0	0.6578	0.3107911318785029
1030.0	0.6576	0.3125810188308517
1032.0	0.6386999999999999	0.3076068550665778
1034.0	0.6375	0.3078725926959614
1036.0	0.6317	0.3047735010029255
1038.0	0.6103000000000001	0.3041169913774047
1040.0	0.6107	0.3051510263605365
1042.0	0.6021	0.3023814441690789
1044.0	0.5912	0.2992824076122298
1046.0	0.5922999999999999	0.3033964504947932
1048.0	0.5768	0.2955160224187054
1050.0	0.5722	0.296232527952762
1052.0	0.5665	0.2983390949164315
1054.0	0.5491999999999999	0.2949442424812519
1056.0	0.5544	0.295731292365131
1058.0	0.5458	0.2947536301203698
1060.0	0.5375	0.2917275547027388
1062.0	0.539	0.2939497882712137
1064.0	0.5316	0.2912497172149318
1066.0	0.5345	0.2913888102955089
1068.0	0.5302	0.2907728208298247
1070.0	0.5185	0.2871405609251243
1072.0	0.5293	0.2938089834661835
1074.0	0.5214	0.2920884294478026
1076.0	0.5237	0.2929170358250663
1078.0	0.526	0.2959968655990202
1080.0	0.5134	0.2927643235365308
1082.0	0.5271	0.2952938954522393
1084.0	0.5247999999999999	0.2973533094103443
1086.0	0.5203	0.2965312866302935
1088.0	0.5356000000000001	0.2985848019417888
1090.0	0.5226	0.2968813160211823
1092.0	0.5291	0.3004783223831999
1094.0	0.5361	0.3022279276422243
1096.0	0.5355	0.3002007270864111
1098.0	0.5455	0.3048462125947005
1100.0	0.5462	0.3054859844029946
1102.0	0.5481	0.3037891365835402
1104.0	0.5607	0.3067525487633958
1106.0	0.553	0.3049621887106824
1108.0	0.5643	0.3062031609935944
1110.0	0.5734	0.3104040059560769
1112.0	0.5622	0.3079798927218913
1114.0	0.5838	0.3139037007321407
1116.0	0.5824	0.3123226785802714
1118.0	0.5816	0.312551323587892
1120.0	0.597	0.3211857018326444
1122.0	0.6	0.3192108003525701
1124.0	0.6119	0.3199099908133883
1126.0	0.6301	0.3223184109303894
1128.0	0.6365999999999999	0.3248326752554001
1130.0	0.6651	0.3297199679788148
1132.0	0.6847000000000001	0.3364208376423791
1134.0	0.7178	0.3446286722378087
1136.0	0.7689	0.3514519969680632
1138.0	0.8186	0.3623063879721583
1140.0	0.8767999999999999	0.3748635537773941
1142.0	0.9394	0.3914906766150928
1144.0	1.007	0.3997744836501922
1146.0	1.071	0.4159864673131258
1148.0	1.131	0.4275288600467102
1150.0	1.189	0.4388637908435603
1152.0	1.242	0.452421536475295
1154.0	1.277	0.4570348024136498
1156.0	1.312	0.469263827186981
1158.0	1.335	0.4728715117943421
1160.0	1.344	0.4773113498455258
1162.0	1.37	0.4849731762978186
1164.0	1.388	0.4906512484997068
1166.0	1.399	0.4885471752749531
1168.0	1.406	0.4906822410974286
1170.0	1.4169999999999998	0.4950679215154019
1172.0	1.422	0.4914094870376611
1174.0	1.4249999999999998	0.4947758190444548
1176.0	1.4260000000000002	0.4978924471097035
1178.0	1.42	0.492989519834516
1180.0	1.4280000000000002	0.4936487980360827
1182.0	1.44	0.4992231248600787
1184.0	1.4460000000000002	0.4986553029008225
1186.0	1.4480000000000002	0.4980344576308495
1188.0	1.449	0.4995432234539524
1190.0	1.456	0.5012068644658155
1192.0	1.467	0.5041480039398581
1194.0	1.463	0.5011302780271369
1196.0	1.465	0.5087417545666035
1198.0	1.464	0.5100472744973963
1200.0	1.457	0.5059989264615558
1202.0	1.473	0.5146152344287651
1204.0	1.453	0.5040806323899156
1206.0	1.447	0.5047307557524795
1208.0	1.457	0.5017826001146092
1210.0	1.427	0.4985451674127604
1212.0	1.4380000000000002	0.5079790021907074
1214.0	1.4349999999999998	0.5068821910025597
1216.0	1.4	0.492575489984361
1218.0	1.418	0.4971732549444899
1220.0	1.412	0.5012544042477609
1222.0	1.403	0.4989960248734514
1224.0	1.403	0.4979643383036803
1226.0	1.376	0.4887815783742517
1228.0	1.374	0.4942712363285248
1230.0	1.372	0.4963470157057459
1232.0	1.347	0.4826586051608347
1234.0	1.349	0.4888144678204781
1236.0	1.331	0.4913112895200726
1238.0	1.331	0.4882291852029645
1240.0	1.336	0.492376874626202
1242.0	1.3050000000000002	0.4774731685306167
1244.0	1.306	0.4790336772614398
1246.0	1.3039999999999998	0.4832211558200848
1248.0	1.2759999999999998	0.470190510115282
1250.0	1.288	0.481688301705574
1252.0	1.265	0.4728556700425173
1254.0	1.267	0.48307476404209
1256.0	1.275	0.4871991630169786
1258.0	1.248	0.46965176460863
1260.0	1.26	0.4739456581862316
1262.0	1.255	0.4740859004311922
1264.0	1.227	0.4653012166567182
1266.0	1.25	0.4784148287783957
1268.0	1.23	0.471565364857655
1270.0	1.229	0.4720466238219784
1272.0	1.258	0.4799457587665763
1274.0	1.231	0.475973335958234
1276.0	1.244	0.4738202271477242
1278.0	1.246	0.4726816314300334
1280.0	1.231	0.4717686156016173
1282.0	1.266	0.4781877798935332
1284.0	1.273	0.4812637068755086
1286.0	1.277	0.4860811249164073
1288.0	1.309	0.4950521925346188
1290.0	1.302	0.4874281092924321
1292.0	1.321	0.4931267968563235
1294.0	1.354	0.504159073221053
1296.0	1.356	0.5078550947701033
1298.0	1.395	0.5164969322151433
1300.0	1.4169999999999998	0.5220835142029187
1302.0	1.43	0.5175732779275718
1304.0	1.485	0.5340911283042747
1306.0	1.496	0.5365120780341699
1308.0	1.539	0.5463124868912784
1310.0	1.588	0.555908221397457
1312.0	1.608	0.5641952205696006
1314.0	1.673	0.5744996105039026
1316.0	1.713	0.5850576419844837
1318.0	1.761	0.597206790498303
1320.0	1.853	0.6215398639420773
1322.0	1.892	0.622917290350239
1324.0	1.956	0.6387203835756784
1326.0	2.043	0.6656882820726897
1328.0	2.092	0.6740195256724053
1330.0	2.178	0.6925790769130827
1332.0	2.271	0.7083469192596883
1334.0	2.35	0.7350863558911184
1336.0	2.443	0.7608432131929209
1338.0	2.506	0.7699551373815535
1340.0	2.58	0.7938327715179077
1342.0	2.716	0.8314330333159063
1344.0	2.76	0.8346611347586175
1346.0	2.849	0.8509659145079319
1348.0	2.924	0.8713386182502878
1350.0	3.009	0.8953399106236444
1352.0	3.121	0.9277514034840728
1354.0	3.148	0.926530458947802
1356.0	3.246	0.9563425699565566
1358.0	3.313	0.9777585477906996
1360.0	3.403	0.9953447321418188
1362.0	3.488	1.0151723444267426
1364.0	3.5970000000000004	1.027560974130273
1366.0	3.694	1.0594797931526423
1368.0	3.797	1.0921126428584909
1370.0	3.954	1.1423038124772236
1372.0	4.14	1.1765484359864755
1374.0	4.385	1.256321261107648
1376.0	4.623	1.3267694916414898
1378.0	4.925	1.417013212515834
1380.0	5.33	1.508094734555844
1382.0	5.806	1.6520656953427717
1384.0	6.504	1.8446105748475763
1386.0	7.199999999999999	2.049841228419507
1388.0	8.092	2.31631743171018
1390.0	9.018	2.467283394127796
1392.0	5.096	2.578045740478628
1394.0	5.5045	2.5456864864904314
1396.0	6.041	0.021452790546272
1398.0	6.53	0.0080415587212099
1400.0	7.024	0.030346151137976
1402.0	7.537000000000001	0.0319687347262911
1404.0	8.046	0.0201714870272102
1406.0	8.556000000000001	0.056326429557239
1408.0	9.0	0.0229056033901456
1410.0	9.382	0.0476818157745225
1412.0	9.824	0.0393389826451514
1414.0	10.08	0.0326598632371097
1416.0	10.29	0.0326598632371083
1418.0	10.68	0.0634209919681342
1420.0	10.91	0.0684754619472473
1422.0	11.15	0.0216024689946932
1424.0	11.33	0.0654896090146269
1426.0	11.53	0.074087035902976
1428.0	11.71	0.0711805216802088
1430.0	11.86	0.0883176086632796
1432.0	12.02	0.0817856276425691
1434.0	12.07	0.0771722460186015
1436.0	12.22	0.0385861230093015
1438.0	12.18	0.0329983164553722
1440.0	12.31	0.0249443825784932
1442.0	12.39	0.0205480466765628
1444.0	12.68	0.0748331477354786
1446.0	12.42	0.0249443825784932
1448.0	12.53	0.0825967446224257
1450.0	12.61	0.0588784057755191
1452.0	12.48	0.1023067283548187
1454.0	12.39	0.0616441400296892
1456.0	12.65	0.1087300428686671
1458.0	12.65	0.0616441400296899
1460.0	12.73	0.1096458946893233
1462.0	12.57	0.0432049379893856
1464.0	12.39	0.0498887651569862
1466.0	12.31	0.0492160768674443
1468.0	12.4	0.1014341603646857
1470.0	12.13	0.07586537784494
1472.0	12.03	0.0852447456836285
1474.0	12.03	0.0659966329107444
1476.0	11.72	0.0778888096369857
1478.0	11.73	0.0478423336480242
1480.0	11.579999999999998	0.0946337971105221
1482.0	11.32	0.0509901951359283
1484.0	11.14	0.074087035902976
1486.0	11.080000000000002	0.0377123616632834
1488.0	10.81	0.0432049379893864
1490.0	10.760000000000002	0.063420991968134
1492.0	10.55	0.0249443825784932
1494.0	10.36	0.0377123616632817
1496.0	10.16	0.0950730713130103
1498.0	9.843	0.0249977776790035
1500.0	9.729	0.0167796172648708
1502.0	9.517	0.0698585873191141
1504.0	9.398	0.0577369513877857
1506.0	9.046	0.0129700509722294
1508.0	9.004999999999999	0.0118415464455543
1510.0	8.718	0.038955815426655
1512.0	8.615	0.0346698716467199
1514.0	8.378	0.0117756811551039
1516.0	8.266	0.0389044413345774
1518.0	8.072000000000001	0.0215148527508065
1520.0	7.87	0.0200388511535856
1522.0	7.720000000000001	0.0185472369909911
1524.0	7.567	0.0436068292307012
1526.0	7.5	0.0655964091158111
1528.0	7.256	0.0677954439636039
1530.0	7.095000000000001	0.0121197726417984
1532.0	7.102	0.0258069758011277
1534.0	6.883	0.0053124591501697
1536.0	6.757999999999999	0.0276325090347501
1538.0	6.635999999999999	0.0279205221218291
1540.0	6.484999999999999	0.0404337592722818
1542.0	6.319	0.0028284271247462
1544.0	6.193999999999999	0.0082192186706254
1546.0	6.127000000000001	0.0568878038090959
1548.0	5.986000000000001	0.0071336448530107
1550.0	5.8870000000000005	0.0049665548085837
1552.0	5.797	0.0168720676464588
1554.0	8.3775	2.9157337793807963
1556.0	5.572	0.0222311093340439
1558.0	5.502000000000001	0.049443570529106
1560.0	5.390000000000001	0.0057154760664939
1562.0	5.286	0.013888444437333
1564.0	5.219	0.0124988888395018
1566.0	5.1370000000000005	0.0137194104181716
1568.0	7.494	2.532676691214696
1570.0	4.9825	2.2375423320017878
1572.0	4.913	0.025849994627122
1574.0	4.844	2.341296820140496
1576.0	7.1225000000000005	2.384302932142269
1578.0	7.0335	2.3820926899122403
1580.0	4.669	2.2036283715726657
1582.0	4.574	1.9831981746663645
1584.0	4.494	1.826029897756332
1586.0	6.4885	2.1299505210737224
1588.0	4.41	2.013297533898057
1590.0	6.285500000000001	2.048366340932858
1592.0	6.2955	2.0163970687562727
1594.0	5.9795	1.867204208316689
1596.0	5.970000000000001	1.8687636510092265
1598.0	7.577	2.0596960742709944
