nm	musp[cm-1]	musp_std[cm-1]
450.0	10.05	0.1366269138209853
452.0	10.05	0.1261568688401689
454.0	10.0	0.1412452555742037
456.0	10.08	0.1465560188687817
458.0	9.985	0.1345010899951238
460.0	9.972	0.1533735052046648
462.0	9.9	0.1508966615572913
464.0	9.889	0.1342138518361323
466.0	9.862	0.1353799408888251
468.0	9.854	0.1362830206900149
470.0	9.884	0.1359510623644575
472.0	9.781	0.1388277198633943
474.0	9.784	0.140438554728824
476.0	9.734	0.1414059911071225
478.0	9.779	0.1213282457215818
480.0	9.704	0.1363351897003018
482.0	9.726	0.1223099685024145
484.0	9.632	0.1496361843082112
486.0	9.672	0.1487443743100521
488.0	9.676	0.1330405117916259
490.0	9.648	0.1223147124792796
492.0	9.592	0.139399063000553
494.0	9.565	0.1158007015053699
496.0	9.522	0.1243392412457955
498.0	9.509	0.1245498561487195
500.0	9.508	0.1233109088723037
502.0	9.477	0.1182783910009676
504.0	9.44	0.1116004778962287
506.0	9.449	0.1150989912109476
508.0	9.39	0.1134666971319104
510.0	9.411	0.1113173641241814
512.0	9.333	0.1122719361831846
514.0	9.327	0.1181202567798106
516.0	9.308	0.1172522868238916
518.0	9.28	0.119403248709862
520.0	9.252	0.1157754318380368
522.0	9.237	0.1153275528416537
524.0	9.214	0.1114979931170776
526.0	9.166	0.1049920631920973
528.0	9.143	0.1080189740991466
530.0	9.119	0.1079022191101223
532.0	9.082	0.1054097238234844
534.0	9.071	0.1061439739687396
536.0	9.068	0.1036744667781244
538.0	9.034	0.1042059925766696
540.0	9.008	0.1070241694175023
542.0	9.002	0.1051648911043398
544.0	8.985	0.1147034824619061
546.0	8.954	0.096305199018665
548.0	8.916	0.102013071057912
550.0	8.885	0.1025628383112963
552.0	8.929	0.110161497609444
554.0	8.871	0.1077177381451688
556.0	8.863	0.1017513308676272
558.0	8.847000000000001	0.0997051207868039
560.0	8.819	0.0976513070971292
562.0	8.788	0.0960243024794592
564.0	8.812	0.0968455560590937
566.0	8.774999999999999	0.0963221190448172
568.0	8.743	0.0984796776679344
570.0	8.693	0.0995535714087993
572.0	8.702	0.1003947763138655
574.0	8.639	0.1018659249536694
576.0	8.606	0.0952073759981045
578.0	8.581	0.0937822537109822
580.0	8.552	0.0914339807703143
582.0	8.530999999999999	0.0945481783256101
584.0	8.485	0.0883399717980708
586.0	8.462	0.0934237657130132
588.0	8.407	0.0959094222897345
590.0	8.399	0.0928069814317283
592.0	8.394	0.0939993433126524
594.0	8.382	0.0975072013801425
596.0	8.362	0.0774932892355406
598.0	8.322000000000001	0.085553102417933
600.0	8.299	0.0939881789257444
602.0	8.274000000000001	0.0857478358795407
604.0	8.251	0.0896033784636423
606.0	8.238999999999999	0.0834547263971591
608.0	8.217	0.081273201815441
610.0	8.203	0.0852486559033827
612.0	8.17	0.0869373266522045
614.0	8.156	0.0821513207816701
616.0	8.137	0.0796396203896179
618.0	8.106	0.0858461155530962
620.0	8.075	0.0819165489242212
622.0	8.063	0.0774137512906388
624.0	8.015	0.0804916988281829
626.0	8.003	0.0863152419196881
628.0	7.972	0.0819287555602688
630.0	7.98	0.073838830160737
632.0	7.931	0.081620773197048
634.0	7.914	0.0791568219999754
636.0	7.907	0.0717110112590979
638.0	7.884	0.0717791537535809
640.0	7.845	0.0806208930430677
642.0	7.816999999999999	0.0791418479615267
644.0	7.805999999999999	0.0753900147299869
646.0	7.782	0.0731772750261095
648.0	7.772	0.0711583176644833
650.0	7.745999999999999	0.0749969546706834
652.0	7.725	0.0834476253277438
654.0	7.702	0.0732514694581464
656.0	7.681	0.0711249986439282
658.0	7.66	0.0707530918052349
660.0	7.640000000000001	0.069950776343877
662.0	7.612	0.0695612351248793
664.0	7.592	0.0716627905928562
666.0	7.572999999999999	0.0676090796736723
668.0	7.538	0.0627448291116238
670.0	7.528	0.0620644825967315
672.0	7.508	0.0610702893960194
674.0	7.476000000000001	0.0640146588150704
676.0	7.462	0.0569131892544348
678.0	7.442	0.0620461795363883
680.0	7.427	0.0593071103100914
682.0	7.41	0.0634929761839161
684.0	7.39	0.0673241651257296
686.0	7.379	0.0641810710143045
688.0	7.34	0.0601284632995505
690.0	7.324000000000001	0.0601645890684693
692.0	7.307	0.0626897120746297
694.0	7.282999999999999	0.0609658880536716
696.0	7.271999999999999	0.0644281588617971
698.0	7.252999999999999	0.0654675492133313
700.0	7.21	0.0636642427306658
702.0	7.199999999999999	0.0654105741442203
704.0	7.182	0.0618564646760724
706.0	7.161	0.062677304061713
708.0	7.142	0.0618015541775887
710.0	7.128	0.0569101522761866
712.0	7.104	0.0593266746159573
714.0	7.093	0.0581530547587809
716.0	7.073	0.063024588578047
718.0	7.041	0.0606296183171552
720.0	7.027	0.057511351536506
722.0	7.005	0.0573294572333164
724.0	6.984	0.0576215837475873
726.0	6.971	0.0589691277253728
728.0	6.9430000000000005	0.0566825685748883
730.0	6.928	0.0573546472010383
732.0	6.912000000000001	0.0560848123188401
734.0	6.894	0.0535101236527569
736.0	6.871	0.0546930830483465
738.0	6.851000000000001	0.0513982273797234
740.0	6.847	0.0589387629474676
742.0	6.8100000000000005	0.0558111896387174
744.0	6.801	0.0571372616308015
746.0	6.773	0.0503807723464241
748.0	6.768	0.0540509590371857
750.0	6.751	0.0575345306943771
752.0	6.7090000000000005	0.0520085463062455
754.0	6.688	0.0536920804790875
756.0	6.67	0.0540961649447387
758.0	6.646	0.0558293254504018
760.0	6.624	0.0515342388881197
762.0	6.625	0.0539501370151238
764.0	6.582	0.0540886332505598
766.0	6.582	0.0528403138279106
768.0	6.548	0.0558916500311976
770.0	6.541	0.0537010471884469
772.0	6.526999999999999	0.0550315285613843
774.0	6.505	0.0543604794717178
776.0	6.488	0.054994949263041
778.0	6.463	0.0550611332526107
780.0	6.447000000000001	0.0522871936260108
782.0	6.437	0.0559086556606199
784.0	6.408	0.0548675172068541
786.0	6.390000000000001	0.0523784896005936
788.0	6.378	0.0561941080343642
790.0	6.352	0.0552609968945347
792.0	6.337000000000001	0.0554817287241686
794.0	6.331	0.0495919149125275
796.0	6.303999999999999	0.0502883046070046
798.0	6.287000000000001	0.0546838274780973
800.0	6.277	0.0493613534040198
802.0	6.254	0.0476198941723693
804.0	6.238	0.0465795483124048
806.0	6.221	0.0475207556991912
808.0	6.212999999999999	0.0431611965646097
810.0	6.182	0.0473568016938081
812.0	6.157	0.0513465591427748
814.0	6.147	0.053510354368957
816.0	6.143999999999999	0.0488681774310451
818.0	6.125	0.0534145215377904
820.0	6.097	0.0519572473823964
822.0	6.088	0.0497403132824079
824.0	6.059	0.051314811473328
826.0	6.046	0.0542609151561254
828.0	6.027	0.0473140284054382
830.0	6.031	0.0488512481359938
832.0	6.009	0.0478224597267955
834.0	5.999	0.0459277478730597
836.0	5.9670000000000005	0.0472905388183347
838.0	5.959	0.0439809161757041
840.0	5.941999999999999	0.0498330546257534
842.0	5.913	0.0523742468050381
844.0	5.917	0.0500843732559814
846.0	5.882	0.048438072975504
848.0	5.878	0.0461061576991379
850.0	5.847	0.0541582044672007
852.0	5.835	0.0533182849140218
854.0	5.814	0.0487102797982592
856.0	5.793	0.0503148114069164
858.0	5.795	0.0500542915119714
860.0	5.769	0.0523027747534829
862.0	5.766	0.0524025256200309
864.0	5.735	0.0552397691773366
866.0	5.728999999999999	0.0551552242804985
868.0	5.707	0.0519058977595245
870.0	5.709	0.056898436698783
872.0	5.68	0.0530627394787308
874.0	5.676	0.0494480647863097
876.0	5.634	0.0567282889344646
878.0	5.636	0.0542970794749237
880.0	5.611000000000001	0.0509683997961264
882.0	5.620000000000001	0.0554632566615606
884.0	5.582000000000001	0.0489658485169782
886.0	5.576	0.0495199174294769
888.0	5.547	0.0518051906451253
890.0	5.531000000000001	0.0545791983166562
892.0	5.540000000000001	0.0524872706496242
894.0	5.507	0.0525197199883466
896.0	5.488	0.0563989317821964
898.0	5.484999999999999	0.0556636725741703
900.0	5.484	0.0527694730308214
902.0	5.456	0.0524491523310616
904.0	5.449000000000001	0.052128994799108
906.0	5.417	0.0533911723410399
908.0	5.4030000000000005	0.0533020741726917
910.0	5.396999999999999	0.0549662073515839
912.0	5.395	0.0567667960677937
914.0	5.37	0.0523810822509213
916.0	5.356	0.0499913572777247
918.0	5.343999999999999	0.0569697775628058
920.0	5.339	0.0535497922210123
922.0	5.316	0.0495849439514321
924.0	5.298	0.0529949916105518
926.0	5.300000000000001	0.0474188064999165
928.0	5.263999999999999	0.0463883233498461
930.0	5.268000000000001	0.0528683433483125
932.0	5.246	0.0471710834210019
934.0	5.233	0.0458373398922217
936.0	5.213	0.0484831649539364
938.0	5.197000000000001	0.0490942655875435
940.0	5.199	0.0511207720338154
942.0	5.181	0.0477271049112545
944.0	5.166	0.0526148361933616
946.0	5.143	0.0484877482297854
948.0	5.114	0.0502765193212668
950.0	5.1080000000000005	0.0440221605249439
952.0	5.101	0.0484678842375972
954.0	5.084999999999999	0.0468744053460223
956.0	5.082	0.0500831407526957
958.0	5.069	0.0482158213877846
960.0	5.055	0.0515179460521485
962.0	5.034	0.0479258686816304
964.0	5.026000000000001	0.0499021264298648
966.0	5.01	0.0528045546108888
968.0	4.991	0.0516801655006332
970.0	4.976999999999999	0.0527720464724353
972.0	4.966	0.0516715648813151
974.0	4.958	0.0527371773660972
976.0	4.942	0.0530732082325796
978.0	4.926	0.0546971459747012
980.0	4.91	0.0522638132252087
982.0	4.9030000000000005	0.0471784110492903
984.0	4.885	0.0548083079221018
986.0	4.874	0.053096929766393
988.0	4.857	0.0505608055882063
990.0	4.846	0.053905495722939
992.0	4.838	0.0545848529616
994.0	4.834	0.0518297307310613
996.0	4.816	0.0556936062558153
998.0	4.803	0.0539570016280683
1000.0	4.794	0.0551039421860581
1002.0	4.774	0.0482073709849847
1004.0	4.766	0.0505805798872294
1006.0	4.749	0.0516978400580395
1008.0	4.7410000000000005	0.051031096789175
1010.0	4.734999999999999	0.0498719347583708
1012.0	4.714	0.0523572721846478
1014.0	4.706	0.0492704804818625
1016.0	4.693	0.05098898452813
1018.0	4.681	0.0498645077765986
1020.0	4.668	0.0488787868350794
1022.0	4.654	0.0530990223341212
1024.0	4.638	0.0524145394963773
1026.0	4.623	0.0544482991832676
1028.0	4.611	0.0531162247654457
1030.0	4.598	0.0513256367486494
1032.0	4.584	0.0533687382483625
1034.0	4.57	0.0523013584791582
1036.0	4.548	0.0526760422972223
1038.0	4.548	0.0531099488482775
1040.0	4.53	0.0541214911330901
1042.0	4.521	0.0542137971596634
1044.0	4.513	0.0537148392031221
1046.0	4.501	0.0548069563936531
1048.0	4.492	0.0561580661620549
1050.0	4.481	0.0562963937620987
1052.0	4.464	0.0593672395838181
1054.0	4.467	0.0550978926800088
1056.0	4.448	0.0546235150375891
1058.0	4.434	0.0527708767418049
1060.0	4.423	0.0488689353220037
1062.0	4.42	0.0510206929697266
1064.0	4.407	0.0514611204073546
1066.0	4.398000000000001	0.0478255575045108
1068.0	4.379	0.0464327470649755
1070.0	4.37	0.0457459436237213
1072.0	4.356999999999999	0.0468875723880481
1074.0	4.351	0.0479686111360438
1076.0	4.339	0.0514135976633745
1078.0	4.324	0.0512678755335969
1080.0	4.3180000000000005	0.0513593007913636
1082.0	4.299	0.0514006292895136
1084.0	4.288	0.0538752560075266
1086.0	4.285	0.0503641063643198
1088.0	4.272	0.0500417109969891
1090.0	4.257000000000001	0.0527278126060831
1092.0	4.249	0.0508898592823539
1094.0	4.239	0.0507341168966598
1096.0	4.2330000000000005	0.0522770397869743
1098.0	4.215	0.0501274917794494
1100.0	4.206	0.0504468917663802
1102.0	4.201	0.0500150594605217
1104.0	4.189	0.0509061106230423
1106.0	4.173	0.0507122114984324
1108.0	4.168	0.0488317848319774
1110.0	4.158	0.0485030226880401
1112.0	4.141	0.0500624301605529
1114.0	4.126	0.0474224513167432
1116.0	4.114	0.0458041994947845
1118.0	4.108	0.0447312965259098
1120.0	4.0920000000000005	0.0472521473808204
1122.0	4.077	0.0464393936647605
1124.0	4.068	0.0471179240356801
1126.0	4.057	0.0479508493211254
1128.0	4.051	0.0487361249643754
1130.0	4.037	0.049376107582514
1132.0	4.024	0.0516256707127687
1134.0	4.019	0.0511463646536481
1136.0	4.002	0.0528963580160112
1138.0	4.001	0.0516591392366024
1140.0	3.987	0.0521900610187014
1142.0	3.983	0.0518318744584502
1144.0	3.973	0.049452059338712
1146.0	3.963	0.0530492433708739
1148.0	3.955	0.0508697198248793
1150.0	3.941	0.05103762833609
1152.0	3.934	0.0506193736394901
1154.0	3.925	0.0512945981802092
1156.0	3.917	0.05105504170942
1158.0	3.906	0.0510794587981421
1160.0	3.902	0.0510398053326525
1162.0	3.886	0.0515129133995892
1164.0	3.88	0.0514695163287076
1166.0	3.87	0.0503427756657139
1168.0	3.865	0.0491304637586068
1170.0	3.859	0.050509502834053
1172.0	3.846	0.051579017649897
1174.0	3.838	0.0495328797147865
1176.0	3.834	0.0506183980606087
1178.0	3.822	0.0505349164219925
1180.0	3.818	0.0514047122785883
1182.0	3.813	0.0498570796884628
1184.0	3.814	0.0509722752043322
1186.0	3.809	0.0488353241914999
1188.0	3.819	0.0490686090597821
1190.0	3.814	0.0463755469835634
1192.0	3.81	0.0484472476253207
1194.0	3.802	0.0475558151602467
1196.0	3.793	0.0471116352172105
1198.0	3.78	0.0474926894959166
1200.0	3.768	0.0442919606449948
1202.0	3.766	0.0477139108012601
1204.0	3.766	0.0451097427269197
1206.0	3.76	0.047001444684915
1208.0	3.756	0.0440776531382154
1210.0	3.754	0.0464016283239188
1212.0	3.754	0.0469241573521558
1214.0	3.739	0.0451715522846233
1216.0	3.731	0.045276925690687
1218.0	3.716	0.0461666332397258
1220.0	3.696	0.0479652652100108
1222.0	3.677000000000001	0.0466494677301485
1224.0	3.654	0.0472176468371679
1226.0	3.637000000000001	0.0492005219283768
1228.0	3.62	0.0481281724944373
1230.0	3.599	0.0471469989095047
1232.0	3.586	0.0496095868871241
1234.0	3.569	0.0465262437558062
1236.0	3.5620000000000003	0.048190465733943
1238.0	3.553	0.0480064296105284
1240.0	3.532	0.0484556561949576
1242.0	3.531	0.0500291273184622
1244.0	3.516	0.0484148737476408
1246.0	3.502	0.0464662362486044
1248.0	3.497	0.0474344251715778
1250.0	3.472	0.0486141268905792
1252.0	3.469	0.0505854612402504
1254.0	3.462	0.0513246745944115
1256.0	3.445	0.0506096170044126
1258.0	3.449	0.0477842372894382
1260.0	3.432	0.0482580512057091
1262.0	3.424	0.0465044800709207
1264.0	3.417	0.0450771629240787
1266.0	3.405	0.0480966105938587
1268.0	3.397	0.0460750863292399
1270.0	3.389	0.0480172294180709
1272.0	3.382	0.0497192115786242
1274.0	3.373	0.0469943521691965
1276.0	3.361	0.0465039491220972
1278.0	3.354	0.0472440472440708
1280.0	3.344	0.046330002544814
1282.0	3.3389999999999995	0.0456072877000815
1284.0	3.327	0.0466407335350909
1286.0	3.324	0.0450829140118789
1288.0	3.318	0.0463419922631039
1290.0	3.31	0.0441909437121773
1292.0	3.295	0.0452007866204904
1294.0	3.285	0.0460651712251241
1296.0	3.282	0.0454258315591414
1298.0	3.2750000000000004	0.0456411120713673
1300.0	3.272	0.0450631929408546
1302.0	3.268	0.0451288963298531
1304.0	3.251	0.0459081208018316
1306.0	3.241	0.046602601527552
1308.0	3.2350000000000003	0.0461618195075422
1310.0	3.226	0.0459817462440728
1312.0	3.218	0.0457151675399956
1314.0	3.2140000000000004	0.0453970140966219
1316.0	3.208	0.043707218942119
1318.0	3.192	0.0448553229840117
1320.0	3.182	0.0444991330197136
1322.0	3.176	0.0442819250811082
1324.0	3.171	0.044226688774992
1326.0	3.164	0.0436546491803761
1328.0	3.156	0.0439722134484445
1330.0	3.148	0.0446616912651846
1332.0	3.137	0.0444949712791884
1334.0	3.133	0.0453417748131883
1336.0	3.12	0.0445515376409483
1338.0	3.115	0.0438417468337211
1340.0	3.108	0.0430859032831898
1342.0	3.1	0.0435813415733537
1344.0	3.091	0.0437264222181509
1346.0	3.087	0.041745554949296
1348.0	3.079	0.0429843497215864
1350.0	3.065	0.0444999653211128
1352.0	3.0620000000000003	0.0440406658318601
1354.0	3.055	0.0435918216364061
1356.0	3.044	0.0436348484585429
1358.0	3.034	0.0448974139319603
1360.0	3.035	0.0425571511160122
1362.0	3.031	0.0422663512080762
1364.0	3.015	0.0437758036779944
1366.0	3.016	0.0437187983976382
1368.0	3.01	0.0419841239835567
1370.0	2.998	0.0435175571209802
1372.0	3.001	0.0436707659936156
1374.0	2.999	0.0434817969576542
1376.0	3.003	0.0459116166477491
1378.0	3.006	0.0435813415733537
1380.0	2.995	0.041666518518255
1382.0	2.983	0.0409823810381431
1384.0	2.9720000000000004	0.041411515068238
1386.0	2.99	0.0432549147996037
1388.0	2.971	0.0468970503692219
1390.0	2.976	0.0442743969153982
1392.0	2.98	0.0426666666666667
1394.0	2.974	0.0451871280699479
1396.0	2.958	0.0446096927960507
1398.0	2.93	0.0415062095607243
1400.0	2.909	0.0413506534798408
1402.0	2.897	0.0436809419696738
1404.0	2.887	0.0433743395723017
1406.0	2.873	0.0456007905497856
1408.0	2.863	0.0421639949380487
1410.0	2.861	0.037265149376122
1412.0	2.859	0.0446616912651846
1414.0	2.859	0.0406906425982895
1416.0	2.8549999999999995	0.0444974683702122
1418.0	2.8120000000000003	0.0461690399176068
1420.0	2.806	0.0428796766156959
1422.0	2.79	0.0397994974842648
1424.0	2.785	0.0379779013066061
1426.0	2.762	0.040474957964428
1428.0	2.76	0.0392101019989164
1430.0	2.75	0.0434283857788661
1432.0	2.733	0.0421376345671371
1434.0	2.744	0.0406778976598432
1436.0	2.734	0.0421004090769251
1438.0	2.719	0.0415371319825204
1440.0	2.702	0.0387855770571267
1442.0	2.6950000000000003	0.0417771867570488
1444.0	2.699	0.0386695401231167
1446.0	2.6790000000000003	0.0392072681596563
1448.0	2.6790000000000003	0.0410061723748938
1450.0	2.658	0.0421806813190968
1452.0	2.638	0.0426504598849187
1454.0	2.656	0.0410365690573664
1456.0	2.64	0.0423646719814843
1458.0	2.6340000000000003	0.0414901445980297
1460.0	2.611	0.0412466235056552
1462.0	2.6100000000000003	0.0394933968539263
1464.0	2.603	0.0418462795372672
1466.0	2.602	0.0394849557223389
1468.0	2.593	0.038367939290925
1470.0	2.583	0.0417162667742482
1472.0	2.569	0.0428454010958204
1474.0	2.569	0.040741582482887
1476.0	2.566	0.0445149440852572
1478.0	2.561	0.0408078907886365
1480.0	2.5540000000000003	0.0383409010243371
1482.0	2.547	0.0366720534763577
1484.0	2.542	0.0439278308249753
1486.0	2.54	0.0392884238283183
1488.0	2.5340000000000003	0.037771241264574
1490.0	2.532	0.0369577670214243
1492.0	2.5330000000000004	0.0384113537741827
1494.0	2.525	0.0401767698988628
1496.0	2.516	0.0371676216452632
1498.0	2.511	0.040341443935058
1500.0	2.51	0.0383602160165907
1502.0	2.5	0.0421742417438259
1504.0	2.502	0.0389675395143505
1506.0	2.499	0.0372989259435605
1508.0	2.496	0.039821825394848
1510.0	2.496	0.0389770429425219
1512.0	2.477	0.0396001621146451
1514.0	2.476	0.0380237093026942
1516.0	2.4690000000000003	0.0403148105615949
1518.0	2.462	0.0408251314514073
1520.0	2.463	0.0393449449276273
1522.0	2.456	0.0404120749587192
1524.0	2.453	0.0399419331616706
1526.0	2.436	0.038726326898658
1528.0	2.439	0.0385313724991294
1530.0	2.436	0.0390975355227234
1532.0	2.437	0.0378655842307471
1534.0	2.433	0.0366154524487229
1536.0	2.4290000000000003	0.0379561150101885
1538.0	2.423	0.0351065397868042
1540.0	2.426	0.0398692306867784
1542.0	2.418	0.0369136463106886
1544.0	2.412	0.0346858921048761
1546.0	2.413	0.0341058627884299
1548.0	2.405	0.037544377034565
1550.0	2.399	0.0377859468291821
1552.0	2.392	0.0371184290855334
1554.0	2.39	0.0409962359006858
1556.0	2.386	0.0379056658848363
1558.0	2.384	0.0341532493980359
1560.0	2.385	0.0345439423143521
1562.0	2.377	0.0358632519371316
1564.0	2.377	0.0336686834746114
1566.0	2.355	0.0372512324760893
1568.0	2.352	0.0356152277045149
1570.0	2.349	0.0361932399390266
1572.0	2.354	0.0370824906271289
1574.0	2.358	0.0346809087553766
1576.0	2.339	0.0342694479343977
1578.0	2.343	0.035710080881219
1580.0	2.337	0.0363097102952969
1582.0	2.33	0.0350674834435225
1584.0	2.333	0.0358735777452836
1586.0	2.3280000000000003	0.0356197337454782
1588.0	2.325	0.0362750126562331
1590.0	2.3280000000000003	0.0349002104772739
1592.0	2.318	0.0367094027043969
1594.0	2.324	0.0353912872028772
1596.0	2.319	0.0324600419129066
1598.0	2.317	0.0352609321109544
