nm	mua[cm-1]	mua_std[cm-1]
450.0	0.9255	0.0191362625193603
452.0	0.9217	0.0192967917758239
454.0	0.9192	0.0212604019566429
456.0	0.9169	0.0201784813876344
458.0	0.9182	0.0192897081239238
460.0	0.9185	0.0201654698144999
462.0	0.9207	0.0216362863932073
464.0	0.9097	0.0196241222183186
466.0	0.9105	0.0172153964968341
468.0	0.9103	0.01841781209778
470.0	0.9108	0.0202936467586639
472.0	0.9074	0.0195640701160615
474.0	0.9082	0.0185315013749527
476.0	0.9075	0.0192194410319407
478.0	0.9129	0.0196268775149704
480.0	0.9036	0.0192013888386578
482.0	0.9081	0.0193708320885414
484.0	0.9087	0.0186068685048171
486.0	0.9003	0.0189022697702983
488.0	0.9054	0.0191588937539864
490.0	0.9028	0.0192998560731536
492.0	0.9018	0.0206203124115668
494.0	0.8959	0.020369694264874
496.0	0.8928	0.0193686714076822
498.0	0.8948	0.0198722587208064
500.0	0.8977	0.0194007509082114
502.0	0.8926000000000001	0.0177280554663303
504.0	0.8998	0.0205623412223221
506.0	0.8977999999999999	0.018852906904916
508.0	0.9024	0.0191858229552223
510.0	0.9137	0.0209399140399381
512.0	0.9165	0.0190113416441636
514.0	0.9233	0.0186695897182266
516.0	0.9302	0.0198248129846549
518.0	0.9316	0.0191956849575016
520.0	0.9296	0.0210148154675648
522.0	0.927	0.0196438851101868
524.0	0.9213	0.0195939963090234
526.0	0.9168	0.0202684818875191
528.0	0.9076	0.0200612826541174
530.0	0.8974	0.0200519879867863
532.0	0.8927	0.0182206909925752
534.0	0.8916999999999999	0.0209334807732481
536.0	0.8871	0.0190346921743652
538.0	0.8842	0.0186721420541107
540.0	0.8881	0.0193633929788743
542.0	0.8906000000000001	0.0206273700471419
544.0	0.8978999999999999	0.0184490288813982
546.0	0.902	0.0195101366499254
548.0	0.9017	0.0192889400920979
550.0	0.9107	0.0190710238481651
552.0	0.921	0.0210251935884571
554.0	0.9154	0.02035321432436
556.0	0.9107	0.0203686093514893
558.0	0.9002	0.0197235336027238
560.0	0.8916999999999999	0.0202202318922849
562.0	0.8831	0.02032386543384
564.0	0.8701000000000001	0.0192658849001973
566.0	0.8582	0.0191008887389378
568.0	0.8452	0.0203886920971429
570.0	0.8319	0.0183899999664337
572.0	0.8240000000000001	0.0192273981470757
574.0	0.8177	0.0183741968834316
576.0	0.8190999999999999	0.0192064803878505
578.0	0.8172999999999999	0.0200535948564507
580.0	0.8203	0.018948963292923
582.0	0.8204	0.0186889747652935
584.0	0.8192	0.0188828813976189
586.0	0.8187	0.0193044292237382
588.0	0.8192	0.0182990588707604
590.0	0.8196000000000001	0.0188677725104521
592.0	0.8216	0.019042117062507
594.0	0.8150000000000001	0.0190373317458093
596.0	0.8097	0.0198904779005209
598.0	0.8116	0.0196981104564766
600.0	0.8043	0.0194235824593599
602.0	0.8026	0.0198013716945986
604.0	0.7972	0.0198682388142544
606.0	0.7927	0.0182924662357937
608.0	0.7944	0.0185263242808179
610.0	0.7902	0.0195437085326679
612.0	0.7907	0.0193305745158055
614.0	0.7897	0.0191327977728633
616.0	0.7896000000000001	0.0198259650178469
618.0	0.7875	0.0191993891363729
620.0	0.7927	0.0195370177286195
622.0	0.7942	0.0194103701442244
624.0	0.7951999999999999	0.0204506512317448
626.0	0.7958	0.0196625984492837
628.0	0.7951999999999999	0.0190099648982342
630.0	0.7971	0.0192406976080506
632.0	0.7968999999999999	0.0192216570244459
634.0	0.7994999999999999	0.0193309832543573
636.0	0.7971	0.0189373235231967
638.0	0.7985	0.0190054248265989
640.0	0.7971	0.0196085015575727
642.0	0.7954	0.0189333007302796
644.0	0.7928999999999999	0.0193375155118965
646.0	0.7929999999999999	0.0188650764936458
648.0	0.7908	0.0196576815633086
650.0	0.7898	0.0196269718675948
652.0	0.7867999999999999	0.0194445904756421
654.0	0.7833	0.0193133805085144
656.0	0.7839	0.0196035207218335
658.0	0.7790999999999999	0.0188033684925512
660.0	0.7797999999999999	0.0190072176024702
662.0	0.7767999999999999	0.0196222662639495
664.0	0.7763	0.0197898465049974
666.0	0.7705	0.0189735163053044
668.0	0.7711999999999999	0.0196513750971751
670.0	0.7718	0.0196882430292864
672.0	0.7691000000000001	0.0200523820203824
674.0	0.7672	0.020171376860404
676.0	0.7668999999999999	0.0200842915093388
678.0	0.7639	0.0194109362073148
680.0	0.7654	0.0198748926544193
682.0	0.7618999999999999	0.0203197100688949
684.0	0.7606999999999999	0.0197156452257253
686.0	0.7575999999999999	0.0199943881015537
688.0	0.7581	0.0195159447315632
690.0	0.7539	0.0191248012980882
692.0	0.7539	0.0193987081153155
694.0	0.7545000000000001	0.0195076116831416
696.0	0.7528	0.0189243197115037
698.0	0.7506999999999999	0.0189223559726466
700.0	0.7479	0.0199523011451725
702.0	0.7469000000000001	0.0191871935170761
704.0	0.7451000000000001	0.0192966958087596
706.0	0.7430000000000001	0.0191741724433908
708.0	0.7404	0.0189384382789195
710.0	0.7401000000000001	0.0192031504616904
712.0	0.7363999999999999	0.0193110280013555
714.0	0.7363999999999999	0.019149702637668
716.0	0.7323999999999999	0.0192587065447754
718.0	0.7327	0.0191468851220385
720.0	0.7317	0.018801891157836
722.0	0.7293	0.0196630567936202
724.0	0.7259	0.0195220925816222
726.0	0.7261	0.0192805473514845
728.0	0.7233	0.0199581290100111
730.0	0.7221	0.0190717941823346
732.0	0.7198	0.0198527231704859
734.0	0.7188	0.0194240655113097
736.0	0.7178	0.0202338428149901
738.0	0.7162000000000001	0.0196793806988776
740.0	0.7154	0.0206956248731196
742.0	0.7147000000000001	0.0195840512082764
744.0	0.7139	0.0187691827798181
746.0	0.7131	0.0193814216757398
748.0	0.7113	0.0195383383803911
750.0	0.7105	0.0192574949334307
752.0	0.7086000000000001	0.0182962925476079
754.0	0.7073	0.019351485731075
756.0	0.708	0.0192844656986899
758.0	0.7052999999999999	0.0192525579509404
760.0	0.7030000000000001	0.0185015981958983
762.0	0.7027	0.0191170533397556
764.0	0.7009	0.0193520279984894
766.0	0.6993	0.019632066235915
768.0	0.6913999999999999	0.0185228454204297
770.0	0.6918000000000001	0.0191592159431317
772.0	0.6880999999999999	0.0194293655818603
774.0	0.6830999999999999	0.0190821291873047
776.0	0.6815	0.0185333000266154
778.0	0.6789000000000001	0.0193319795183723
780.0	0.6796000000000001	0.0189758976430108
782.0	0.6779000000000001	0.0198991903799571
784.0	0.6722	0.0190388491715696
786.0	0.6715	0.0185276969846647
788.0	0.6669	0.0183517954179346
790.0	0.6645	0.018180928822244
792.0	0.6648999999999999	0.0190866122041628
794.0	0.6618	0.0192008358871542
796.0	0.6608999999999999	0.019289202506411
798.0	0.6574000000000001	0.0188964298672631
800.0	0.6562999999999999	0.0180697277712862
802.0	0.6552	0.0191433449094192
804.0	0.6525000000000001	0.0188608942877407
806.0	0.651	0.0186655224517038
808.0	0.6497999999999999	0.0190328954999262
810.0	0.6483	0.0189355502092861
812.0	0.6447	0.01892640718385
814.0	0.6447999999999999	0.0197583800005697
816.0	0.6418999999999999	0.0192975530976224
818.0	0.6396000000000001	0.0196242543304119
820.0	0.6391	0.0192640392928519
822.0	0.6386000000000001	0.019161368027658
824.0	0.6345000000000001	0.019151907360771
826.0	0.635	0.0195702974737196
828.0	0.631	0.0192934646390371
830.0	0.629	0.018846304939604
832.0	0.6252000000000001	0.0191323525364824
834.0	0.6263000000000001	0.0195284407979746
836.0	0.6207	0.0190073345167621
838.0	0.6216	0.0199015602093261
840.0	0.6191	0.0192387019915842
842.0	0.6152	0.0187230761427419
844.0	0.6141	0.0189233019852427
846.0	0.6111	0.019133630143523
848.0	0.6098	0.0192735922449524
850.0	0.6082	0.0195576135280759
852.0	0.603	0.0192754369376105
854.0	0.6008	0.0187079767762772
856.0	0.5991	0.0193089501412053
858.0	0.5969	0.0195025417779957
860.0	0.5924	0.0195172857857962
862.0	0.5928	0.0193294312792758
864.0	0.5903	0.0179773176702555
866.0	0.5906	0.0184958921031497
868.0	0.5861999999999999	0.0187681171730736
870.0	0.5899	0.0192604372859092
872.0	0.5861000000000001	0.0185306352952197
874.0	0.5883	0.018876172189912
876.0	0.5809	0.0193687032778827
878.0	0.5827	0.0185821167181888
880.0	0.5806	0.0192025461274743
882.0	0.5802	0.019620963845393
884.0	0.5772999999999999	0.0189950545870611
886.0	0.5777	0.0185549301291803
888.0	0.5757	0.0188730260189274
890.0	0.5732	0.0190493770352759
892.0	0.5758	0.0182266593513762
894.0	0.5750000000000001	0.0188551463322318
896.0	0.574	0.0198373385311639
898.0	0.5763	0.0190829249511535
900.0	0.5789	0.0183704472817983
902.0	0.5835	0.0191131717235348
904.0	0.5855	0.0197774843923308
906.0	0.5897	0.0200435636662856
908.0	0.5972999999999999	0.0195805459009134
910.0	0.6071	0.0200327201483774
912.0	0.611	0.0202050843130823
914.0	0.6182	0.0207742064666977
916.0	0.6192	0.0199273681152328
918.0	0.6194000000000001	0.0203176867546905
920.0	0.6201	0.0203456307682515
922.0	0.6189	0.0207362806050972
924.0	0.6241	0.0200089424452612
926.0	0.6263000000000001	0.0207801424679344
928.0	0.6264000000000001	0.0211272219227431
930.0	0.6253	0.0198931094218359
932.0	0.6201	0.0203857490770415
934.0	0.6121	0.0203563803811537
936.0	0.601	0.0200750136448149
938.0	0.5874999999999999	0.0206160191820239
940.0	0.5751	0.020218308534593
942.0	0.5578000000000001	0.0190672494083441
944.0	0.5451	0.0205838364011098
946.0	0.5367000000000001	0.0198242338291693
948.0	0.5258	0.018960426624361
950.0	0.5201	0.0191354302632061
952.0	0.5134	0.0191639708249041
954.0	0.5065999999999999	0.0187792109906699
956.0	0.5004	0.0186155318132831
958.0	0.4965	0.0190267647743324
960.0	0.4908	0.0187370696155449
962.0	0.4852999999999999	0.0185593209752331
964.0	0.4819	0.0190057301300891
966.0	0.4786	0.0186954605964544
968.0	0.4763	0.0178435173413514
970.0	0.4719	0.0185986857361242
972.0	0.4713	0.0182650850896822
974.0	0.4657	0.0189271116538038
976.0	0.4623	0.0192048476390599
978.0	0.4603	0.0185944104172579
980.0	0.4577	0.0181853081386806
982.0	0.4587	0.0179511545761626
984.0	0.456	0.0181991724136898
986.0	0.4541	0.0180116011997206
988.0	0.453	0.0185397470916466
990.0	0.4527	0.0191610394315852
992.0	0.4503999999999999	0.0187194953503784
994.0	0.4513	0.0192704020472259
996.0	0.4496	0.0194018008582505
998.0	0.4525	0.0189010353103333
1000.0	0.4505	0.0179179474133108
1002.0	0.4522	0.0190765190809778
1004.0	0.4549999999999999	0.0189594303711899
1006.0	0.4522	0.0187918684804799
1008.0	0.4548	0.0185230653677323
1010.0	0.4566	0.0187698405315614
1012.0	0.4573	0.0184724486201665
1014.0	0.461	0.0186483839037655
1016.0	0.4619	0.0187655713120242
1018.0	0.4628	0.0182475433827727
1020.0	0.4652	0.0187866645637829
1022.0	0.4614999999999999	0.0186213205827866
1024.0	0.4632	0.0187332015284673
1026.0	0.4605	0.0188201100743294
1028.0	0.4586	0.0189431312676184
1030.0	0.4623	0.0184847685045463
1032.0	0.4586	0.0188087450110018
1034.0	0.4578	0.0184677563523931
1036.0	0.4589	0.0188695391086491
1038.0	0.453	0.0185357978643795
1040.0	0.4579	0.019012159851585
1042.0	0.4555	0.0191849735438061
1044.0	0.4519999999999999	0.0193727057582326
1046.0	0.4532	0.0192687106438532
1048.0	0.4452	0.0194455618726538
1050.0	0.4444	0.0195388501879375
1052.0	0.4415	0.0195852426177227
1054.0	0.4338999999999999	0.0195352103762525
1056.0	0.4361	0.0194768238341539
1058.0	0.4299	0.0192521860230641
1060.0	0.4256999999999999	0.0194153115089007
1062.0	0.4266	0.0194144530609111
1064.0	0.4173	0.0193756114997089
1066.0	0.4179	0.0198369464496036
1068.0	0.4141	0.0197754305723285
1070.0	0.4074	0.0195763904162232
1072.0	0.411	0.0194012472553114
1074.0	0.4043	0.0190061068808273
1076.0	0.4013	0.0189611558745442
1078.0	0.4028	0.0193974225091892
1080.0	0.3923	0.019358954925369
1082.0	0.3966999999999999	0.0190748881523507
1084.0	0.3921	0.0186893777185376
1086.0	0.3853	0.0188806648763447
1088.0	0.3902	0.0189359153169021
1090.0	0.3814	0.0183243479664369
1092.0	0.3792999999999999	0.0185536459429886
1094.0	0.3787999999999999	0.0189688894095594
1096.0	0.372	0.0189932216628933
1098.0	0.376	0.0189876568093883
1100.0	0.3727	0.0190217094946475
1102.0	0.3679	0.0189841519350051
1104.0	0.374	0.0190078606221767
1106.0	0.3679	0.0192817767226012
1108.0	0.369	0.0190428755998434
1110.0	0.3691	0.0192592898860155
1112.0	0.3628	0.0193755159230393
1114.0	0.3686	0.0194528553237542
1116.0	0.3671	0.0192152588543455
1118.0	0.3647	0.0191881908127542
1120.0	0.3696	0.0195811133493476
1122.0	0.3661	0.0189440175904989
1124.0	0.3714	0.0192749693759664
1126.0	0.3741	0.0192341773997983
1128.0	0.3736	0.0191207340114285
1130.0	0.3827	0.0194979201169993
1132.0	0.3891	0.0197682124184819
1134.0	0.3999	0.0198159307404701
1136.0	0.416	0.020137551679743
1138.0	0.429	0.0206215696735837
1140.0	0.4521	0.0207724176092561
1142.0	0.4721999999999999	0.0210416224788681
1144.0	0.4936	0.021995555106531
1146.0	0.5154000000000001	0.0218050962442779
1148.0	0.5356000000000001	0.022645725620719
1150.0	0.5636	0.0229001266911154
1152.0	0.5837	0.0235466964472778
1154.0	0.5904	0.0234821497743432
1156.0	0.5962	0.0237832548209143
1158.0	0.6011	0.0241510524270337
1160.0	0.6126	0.0243191942686542
1162.0	0.6373	0.0252097032073459
1164.0	0.6672	0.0251463322313883
1166.0	0.6998	0.0260557427143242
1168.0	0.7245	0.0265915237585676
1170.0	0.744	0.0271434506572072
1172.0	0.7655000000000001	0.0277749998610972
1174.0	0.7932	0.0282153403682954
1176.0	0.8315	0.0290444486950604
1178.0	0.8694000000000001	0.0299303265007992
1180.0	0.919	0.0303316890071207
1182.0	0.9741	0.0325029609287492
1184.0	1.053	0.0345568059795197
1186.0	1.167	0.0365101034553586
1188.0	1.2759999999999998	0.0384621025599658
1190.0	1.3769999999999998	0.0416682962644292
1192.0	1.457	0.0437137151119519
1194.0	1.5	0.0440532786296852
1196.0	1.527	0.0450037035513004
1198.0	1.53	0.0438451258605604
1200.0	1.533	0.044783429475148
1202.0	1.562	0.0454771683321002
1204.0	1.59	0.0457637518966082
1206.0	1.645	0.046656612673584
1208.0	1.709	0.0489943307377949
1210.0	1.745	0.050060210660344
1212.0	1.778	0.0495983870705489
1214.0	1.781	0.0505593405176555
1216.0	1.7399999999999998	0.0489370974432775
1218.0	1.705	0.0488128196074012
1220.0	1.598	0.0450689458113146
1222.0	1.492	0.0437436415132473
1224.0	1.388	0.0417109394420193
1226.0	1.251	0.0381336182325539
1228.0	1.156	0.0367406660692191
1230.0	1.064	0.0351536310752926
1232.0	0.9763	0.0328548134286606
1234.0	0.9168	0.0326980839095813
1236.0	0.8449	0.0310366450076894
1238.0	0.7884	0.0298224788861284
1240.0	0.7525	0.0284957999937526
1242.0	0.6974	0.0274922660280673
1244.0	0.669	0.0271615923459106
1246.0	0.6352	0.0275566800845811
1248.0	0.5977	0.0266399866533166
1250.0	0.5863	0.0261943354539973
1252.0	0.5535	0.0248770954201492
1254.0	0.5337000000000001	0.0237073567786899
1256.0	0.5235	0.0239947267869473
1258.0	0.4927	0.0238919997974424
1260.0	0.4812	0.0231714596693837
1262.0	0.4671999999999999	0.0232548680686192
1264.0	0.4438999999999999	0.0226817651239007
1266.0	0.4403	0.0228989783587945
1268.0	0.423	0.0222905449700479
1270.0	0.4094	0.0219058084636117
1272.0	0.4055	0.0218698224913342
1274.0	0.3869	0.021548704524093
1276.0	0.3832	0.0218280202752288
1278.0	0.3765	0.0219959985137589
1280.0	0.3625	0.0217566564243091
1282.0	0.3631999999999999	0.0218817585679188
1284.0	0.3543	0.0216547659624593
1286.0	0.346	0.0214028554688906
1288.0	0.347	0.0211990041694834
1290.0	0.3359	0.0210661392339038
1292.0	0.333	0.0210297907446895
1294.0	0.3318	0.0211813568154452
1296.0	0.3194	0.0202807760340478
1298.0	0.3207	0.0209041197428215
1300.0	0.3177	0.0209743641290334
1302.0	0.3122	0.0205102684309862
1304.0	0.3137999999999999	0.020989244747292
1306.0	0.3044	0.0208746050454246
1308.0	0.3005	0.0210113432033717
1310.0	0.3006999999999999	0.0208090851478713
1312.0	0.2922	0.0203086188599815
1314.0	0.2915999999999999	0.0206413883636795
1316.0	0.2878	0.0208106276268214
1318.0	0.2825	0.0208181781914238
1320.0	0.2825	0.0206641635282192
1322.0	0.2779	0.0208297389491889
1324.0	0.2764	0.020561344530183
1326.0	0.2769999999999999	0.0203054453561381
1328.0	0.2716	0.0204959676853283
1330.0	0.2721	0.0204380243542807
1332.0	0.2719	0.0208776565545531
1334.0	0.2675	0.0213005187440454
1336.0	0.2693	0.0210942564296774
1338.0	0.2684999999999999	0.0212154555820881
1340.0	0.2675	0.0211359853459262
1342.0	0.2708	0.020675320768706
1344.0	0.2686	0.0211339350305744
1346.0	0.2725	0.0216289928876342
1348.0	0.2792	0.0214361584452272
1350.0	0.2809	0.0214562604176755
1352.0	0.2954	0.0218015346611252
1354.0	0.3134	0.0219568263239982
1356.0	0.3379	0.0221207349240536
1358.0	0.3791	0.0232673246219183
1360.0	0.4204	0.0243690200008631
1362.0	0.4541	0.0253488889862949
1364.0	0.4827	0.0250544936951635
1366.0	0.495	0.025779856238046
1368.0	0.5196	0.026424670478107
1370.0	0.5559999999999999	0.0268545097024321
1372.0	0.5968	0.0278189295176175
1374.0	0.6429	0.0298887236674491
1376.0	0.6936	0.0301478578564602
1378.0	0.745	0.0313988322500482
1380.0	0.804	0.0325126793880119
1382.0	0.8573	0.0332065254631274
1384.0	0.9062	0.0339014585068089
1386.0	0.9618	0.0341727672963627
1388.0	1.0539999999999998	0.035622852978404
1390.0	1.131	0.0373792706796589
1392.0	1.2	0.0394236251785934
1394.0	1.224	0.0392997345512977
1396.0	1.187	0.0398862580376614
1398.0	1.096	0.0383505597364467
1400.0	1.014	0.0370387218135324
1402.0	0.952	0.0336883758389547
1404.0	0.9355	0.0340936220095254
1406.0	0.9414	0.0336612023434974
1408.0	0.9624	0.0358971817044317
1410.0	1.007	0.0375958922106007
1412.0	1.053	0.0341698733815854
1414.0	1.082	0.0372711121710787
1416.0	1.082	0.0372860149865904
1418.0	1.056	0.0354275473482305
1420.0	0.9935	0.0357870588376149
1422.0	0.9537	0.0351377325237924
1424.0	0.9214	0.0356468411496813
1426.0	0.9016	0.0342916071508416
1428.0	0.8860999999999999	0.0333659322078488
1430.0	0.8824	0.0330082069854613
1432.0	0.8906000000000001	0.0337876411037827
1434.0	0.8788	0.033321064408769
1436.0	0.8673	0.0342877295116157
1438.0	0.8441	0.0328259721020481
1440.0	0.8248	0.0314110187476533
1442.0	0.7931	0.0314811446605075
1444.0	0.7585999999999999	0.0317076576800551
1446.0	0.7405	0.0306523879802029
1448.0	0.7118	0.0304198684261081
1450.0	0.6891999999999999	0.0301628174339791
1452.0	0.6587999999999999	0.0306070112196939
1454.0	0.6313000000000001	0.0309866996557483
1456.0	0.6105	0.0267740338553772
1458.0	0.5837	0.0268930988439803
1460.0	0.5656	0.0283586945319342
1462.0	0.5502	0.0263837398485328
1464.0	0.5378999999999999	0.026490380271215
1466.0	0.5191	0.0284880005061693
1468.0	0.5103	0.0281438281285328
1470.0	0.5018	0.0263552979189206
1472.0	0.4891999999999999	0.0255574781885463
1474.0	0.4712	0.026971795968711
1476.0	0.4605999999999999	0.0252923254841278
1478.0	0.4438	0.0251687391837327
1480.0	0.4347999999999999	0.0255858516072679
1482.0	0.4179	0.0274276736882772
1484.0	0.4119	0.0251392123981639
1486.0	0.4048	0.0261433559767753
1488.0	0.3928	0.0271857442671342
1490.0	0.3886	0.0254173169315724
1492.0	0.3796	0.0256230268737485
1494.0	0.3737999999999999	0.0250559374201006
1496.0	0.3653	0.0245256831872726
1498.0	0.3633	0.0235666326156179
1500.0	0.3524	0.0246256315329183
1502.0	0.3456999999999999	0.0221929807610814
1504.0	0.3339999999999999	0.02455546002998
1506.0	0.3259	0.0233591338838251
1508.0	0.3181	0.0233982008382938
1510.0	0.3125	0.0240735806217234
1512.0	0.3023	0.0222064054823027
1514.0	0.2955	0.0232594438539501
1516.0	0.2946	0.0230202809134322
1518.0	0.2924	0.0236453894965687
1520.0	0.2875	0.0229816351801945
1522.0	0.283	0.0228464925584261
1524.0	0.2830999999999999	0.0232980420943927
1526.0	0.2789	0.0231385094006496
1528.0	0.2728	0.0232173041044076
1530.0	0.2703	0.0225405806885665
1532.0	0.2686	0.0227320625255753
1534.0	0.2628	0.0231046892787301
1536.0	0.2597	0.0242403449024071
1538.0	0.2562	0.0227855271370574
1540.0	0.2496999999999999	0.0223657034621767
1542.0	0.2430999999999999	0.0226157270745627
1544.0	0.2327999999999999	0.0227464174360016
1546.0	0.2224	0.0237836441361508
1548.0	0.2179	0.0227945412568691
1550.0	0.2101	0.0219546895915594
1552.0	0.2029	0.0229524360578055
1554.0	0.2038999999999999	0.0217960467590108
1556.0	0.1994999999999999	0.0210302486439103
1558.0	0.1927999999999999	0.0223703176354541
1560.0	0.1944	0.0244351800625933
1562.0	0.1915	0.0228801439605244
1564.0	0.1883	0.0232752027215316
1566.0	0.186	0.023467945040937
1568.0	0.1898	0.0218594500286616
1570.0	0.1861	0.0221705900175975
1572.0	0.1838	0.0233848954099293
1574.0	0.1858	0.0227841779626147
1576.0	0.1837	0.0230521148704408
1578.0	0.1841999999999999	0.0228657488207975
1580.0	0.1837	0.0229305715391289
1582.0	0.189	0.0224140718586327
1584.0	0.1914	0.0229251169605374
1586.0	0.1909	0.0226158635464272
1588.0	0.1941999999999999	0.0218848558044197
1590.0	0.1936999999999999	0.0218889340101057
1592.0	0.1941999999999999	0.022622997148919
1594.0	0.1968	0.0230022274820462
1596.0	0.2008	0.0238391575375214
1598.0	0.2038999999999999	0.0232465582212895
