nm	mua[cm-1]	mua_std[cm-1]
250		
252		
254		
256		
258		
260		
262		
264		
266		
268		
270		
272		
274		
276		
278		
280		
282		
284		
286		
288		
290		
292	6.931471805599453	4.1633363423443354e-15
294	6.931471805599453	4.1633363423443354e-15
296	4.054651081081641	2.943923360032077e-15
298	6.931471805599453	4.1633363423443354e-15
300	10.378384364034579	2.943923360032077e-15
302	9.36318788803552	3.0904757459735846e-15
304	12.890257645746763	0.5412658773652747
306	16.318384586197855	1.770821294751329
308	17.77572931088456	2.943923360032077e-15
310	18.69937872366357	0.25392515003376687
312	20.931138668499113	0.1455504880309982
314	20.58237200474293	0.0
316	21.112905064163364	0.8660254037844385
318	20.693702821476702	0.10626078574042155
320	20.367629024242582	2.943923360032077e-15
322	20.341090466399304	0.8598669977690233
324	19.641761318473897	0.09457489354375173
326	18.77070885625662	0.054638826737188353
328	17.876003048970258	0.06422021027777483
330	16.73242954018401	0.29396124301525095
332	15.56724190343251	0.1601597862287465
334	14.313588516341573	0.17478185628870693
336	13.016090836708491	0.054723560458400426
338	11.623071523020128	0.06714440759961338
340	10.305185805458509	0.036637820923692485
342	9.119484421250055	0.03208990239479734
344	8.072704267731753	0.04977167136462927
346	7.163843903224847	0.04375528450105245
348	6.386637341544489	0.043203783072771694
350	5.712960408699058	0.041779477052139684
352	5.145734427567482	0.04341603137594476
354	4.661650058892299	0.05494406284481349
356	4.260942010878623	0.02789346863814432
358	3.9134645575037807	0.030988336975240564
360	3.611522985001109	0.026762216548127393
362	3.343252643179728	0.022655137758935837
364	3.1093331668543818	0.029923565037907978
366	2.913859074235091	0.022942204431722835
368	2.756029762981237	0.022104402163974357
370	2.6040063251463335	0.016667985345321074
372	2.468902485657722	0.022133472174525468
374	2.333868692307984	0.01930168399891862
376	2.1991003651592043	0.015507213410937408
378	2.0599689963116288	0.02206614965111182
380	1.9244592160161584	0.01818784776589504
382	1.8022700649945207	0.020490135291836662
384	1.6861982988348172	0.018694474824042254
386	1.5750065190081848	0.011064923529931542
388	1.476795935577373	0.016481757880413297
390	1.400272973128855	0.015239699959864749
392	1.3306861389329518	0.022866644017759407
394	1.272599446783352	0.013947063001957328
396	1.2202836190273205	0.021731127216162622
398	1.1725193604093695	0.014684578973467814
400	1.1262580567051639	0.0305067858195775
402	1.0792377089358338	0.028373499712124592
404	1.0387668917357278	0.02819545534185953
406	1.001521137330846	0.022609886657917633
408	0.9614246845877422	0.019177283307909677
410	0.9211424304793203	0.019059247932118297
412	0.8837412553087564	0.006710774147883684
414	0.8552683027627852	0.006687454855478862
416	0.8183115056755552	0.016815626540590472
418	0.7928630978019805	0.013573053293916393
420	0.7622110363352705	0.021484472395294028
422	0.7473445137146418	0.03473696901896466
424	0.7213651955644997	0.03216938017523629
426	0.707134985703878	0.016521799566571196
428	0.6799134222123953	0.01165235330204184
430	0.655247479504244	0.016444721575861083
432	0.6351354205735119	0.017496025720634762
434	0.6150606602130733	0.013706412563300255
436	0.5944136641560492	0.017557823673590538
438	0.5742339039538217	0.015059673740920416
440	0.5532375313207614	0.018752520405779384
442	0.5341599483445466	0.01755704014841076
444	0.5216574360776014	0.016432868803810292
446	0.4997206698622974	0.013425334695155425
448	0.4828774969410114	0.01171722491546132
450	0.4636089001128723	0.017249407316403426
452	0.443673787192519	0.029260281221897125
454	0.4248978865740373	0.023525842262351528
456	0.4088846751866015	0.03761285383196124
458	0.3951578919427717	0.026566192467775893
460	0.3807583583843428	0.02134031077107572
462	0.3698104332067674	0.015908121487132044
464	0.353102328393917	0.015701148643137368
466	0.33450462886384275	0.014405729623970359
468	0.3189054060679531	0.00912103745431892
470	0.30687885755039196	0.009095396878042073
472	0.29889885862048815	0.009075171560884538
474	0.28351493492284363	0.012813788774996353
476	0.26330276789399165	0.009160395447955823
478	0.2529913868654205	0.01109845955087394
480	0.2389669061864503	0.012813098757946992
482	0.22739370853948407	0.012634160359501321
484	0.2195741391766544	0.016637806791005322
486	0.20461073692564016	0.01265967425416809
488	0.19328565201848313	0.008937782883229587
490	0.18324660182766064	0.015351588627197576
492	0.17690998680036615	0.0178077080120366
494	0.16573294608088274	0.017778371771424935
496	0.15344967772238327	0.016556806710286386
498	0.1423750697455842	0.01882498770733743
500	0.1326276790479118	0.016596085016084162
502	0.12636226522306523	0.010859606010161324
504	0.1190423204343138	0.01534113835646385
506	0.11401264910783897	0.01393027220999608
508	0.10437381958978202	0.012466895852071905
510	0.0994800452573874	0.015285649195768714
512	0.09584471319500855	0.012481310043989852
514	0.09215396169018819	0.010751717474614947
516	0.08488278208041551	0.01239862171694124
518	0.07526382853548469	0.01641193557883399
520	0.06804821490279873	0.016416846322432326
522	0.06203107646737321	0.015194072851909917
524	0.06315270288739738	0.010733580071661903
526	0.06307697224753524	0.006163881877469839
528	0.05708822196944138	0.015138057753387356
530		
532		
534		
536		
538		
540		
542		
544		
546		
548		
550		
552		
554		
556		
558		
560		
562		
564		
566		
568		
570		
572		
574		
576		
578		
580		
582		
584		
586		
588		
590		
592		
594		
596		
598		
600		
602		
604		
606		
608		
610		
612		
614		
616		
618		
620		
622		
624		
626		
628		
630		
632		
634		
636		
638		
640		
642		
644		
646		
648		
650		
652		
654		
656		
658		
660		
662		
664		
666		
668		
670		
672		
674		
676		
678		
680		
682		
684		
686		
688		
690		
692		
694		
696		
698		
700		
702		
704		
706		
708		
710		
712		
714		
716		
718		
720		
722		
724		
726		
728		
730		
732		
734		
736		
738		
740		
742		
744		
746		
748		
750		
752		
754		
756		
758		
760		
762		
764		
766		
768		
770		
772		
774		
776		
778		
780		
782		
784		
786		
788		
790		
792		
794		
796		
798		
800		
802		
804		
806		
808		
810		
812		
814		
816		
818		
820		
822		
824		
826		
828		
830		
832		
834		
836		
838		
840		
842		
844		
846		
848		
850		
852		
854		
856		
858		
860		
862		
864		
866		
868		
870		
878		
886		
892	0.04137939742291663	0.012287395482768354
894	0.043755646822358836	0.013746751807757892
896	0.04968830178804317	0.008689274167000093
898	0.052096067693032926	0.010666123853412781
900	0.056885672893594065	0.010656061662963384
902	0.05808772858172872	0.013782046698175074
904	0.06286774461712348	0.01230930523088076
906	0.06765202943172086	0.010645848119232892
908	0.07128716868451011	0.012322420142130825
910	0.0748978140506637	0.013841167131162789
912	0.08095282536075717	0.012396383168612884
914	0.0846403338903335	0.016396864986796225
916	0.09192420201331224	0.020581799440801553
918	0.09440276144131621	0.022365743832406262
920	0.09687333106060277	0.02399898256550587
922	0.10167044808930824	0.015224469090020443
924	0.10521294157681509	0.018604894981676008
926	0.10152216414391045	0.0205932971566129
928	0.10146227697766423	0.017606684862859132
930	0.10251724739538386	0.012414211337365502
932	0.10006297643773648	0.019550983103785283
934	0.09638958743510058	0.018480184366847275
936	0.09037997320837295	0.012330226972662357
938	0.08196323268703003	0.016301834093577914
940	0.07003468381003322	0.012315905056239555
942	0.06641447279759195	0.0061858957413179465
944	0.055697106885873905	0.008683054742229841
946	0.05090288468759498	0.008720148603714445
948	0.0402181285869928	0.008690825915776072
950		
952		
954		
956		
958		
960		
962		
964		
966		
968		
970		
972		
974		
976		
978		
980		
982	0.014120558522563597	2.6074070323844927e-15
984	0.020008384150466147	0.006120320874802208
986		
988	0.020010462232096907	0.006111682454371133
990		
992		
994	0.021208915691378467	3.1934083905432702e-15
996	0.02356879779584543	0.00613332438940873
998	0.0235721333222875	0.006118158981169287
1000	0.02594243997331234	0.006120320874802208
1002	0.028304830811621235	0.008669258759479945
1004	0.03186407369407869	0.0
1006	0.03541206054670038	1.8535326337097583e-15
1008	0.03425616625430152	0.006124649248828779
1010	0.03544972102112782	2.6212909888934623e-15
1012	0.04136891270319685	0.006152933597048046
1014	0.04610881159405952	0.0
1016	0.04377410245378351	0.010638362206082677
1018	0.049692070645956966	0.008697020403629479
1020	0.048530405346634144	0.006166076210640888
1022	0.05208975788273518	0.006166076210640888
1024	0.05683978837422499	4.144667333379337e-15
1026	0.0604088321270935	0.010671208117619777
1028	0.055697106885873905	0.008683054742229841
1030	0.05570384932747025	0.008709416188046009
1032	0.06165596616030761	0.006177071353668969
1034	0.064034370352068	3.227599058536239e-15
1036	0.064034370352068	3.227599058536239e-15
1038	0.064034370352068	3.227599058536239e-15
1040	0.064034370352068	3.227599058536239e-15
1042	0.064034370352068	3.227599058536239e-15
1044	0.06046740015258739	2.6353235959003866e-15
1046	0.055711015726987355	0.006179275089435529
1048	0.05333345975362617	0.0
1050	0.06042272599284928	0.008681516420936944
1052	0.05922195953480849	0.006137671182029691
1054	0.05327663107787537	4.5426763907651475e-15
1056	0.05327663107787537	4.5426763907651475e-15
1058	0.04259857346957229	3.2035892887065338e-15
1060	0.04613902343951776	2.6157197009255708e-15
1062	0.04847876073998888	0.006159497893203339
1064	0.04255325570138494	0.0
1066	0.04255325570138494	0.0
1068	0.03781714536306829	0.006152933597048046
1070	0.035435481084693625	0.008663094103194284
1072	0.04015065555868771	0.006126815732468266
1074	0.04250803425194377	3.210412695072255e-15
1076	0.03659430327352311	0.006144202935682082
1078	0.03186407369407869	0.0
1080	0.03186407369407869	0.0
1082	0.03186407369407869	0.0
1084	0.025956631020979396	0.006137671182029691
1086	0.024775644885213485	2.6157197009255708e-15
1088		
1090	0.03065303326217809	0.006118158981169287
1092	0.03065303326217809	0.006118158981169287
1094	0.03065303326217809	0.006118158981169287
1096	0.03065303326217809	0.006118158981169287
1098	0.028297320561069858	4.130563613266759e-15
1100		
1102		
1104		
1106	0.022412416616546794	0.006137671182029691
1108	0.024775644885213485	2.6157197009255708e-15
1110	0.03068225012795499	0.00613984688964473
1112	0.03186407369407869	0.0
1114	0.03541206054670038	1.8535326337097583e-15
1116	0.04015065555868771	0.006126815732468266
1118	0.03900064735786738	0.008700017256828318
1120	0.041373523488280085	0.006131153301129292
1122	0.04495970920052906	0.008673830533935507
1124	0.05327663107787537	4.5426763907651475e-15
1126	0.05690042995310678	1.8634551852820803e-15
1128	0.0735560553409182	0.0061858957413179465
1130	0.07840510325513321	3.7150544941657065e-15
1132	0.08923978636743995	1.873484545805665e-15
1134	0.10255178559376772	0.006163881877469839
1136	0.11353673921427675	0.00624612624438795
1138	0.13781709965175812	0.008808629208872305
1140	0.1538495125010929	0.006196961744433005
1142	0.1773815505908262	3.244970420530513e-15
1144	0.20711965614495084	0.00889881288236591
1146	0.23854392501294494	0.008949918003169681
1148	0.27157916415039174	3.3038797354082864e-15
1150	0.31010658512378103	1.957780813333479e-15
1152	0.35282871684859857	0.012869499994072076
1154	0.3987603595861702	0.0063468332999955255
1156	0.438890132280827	0.009421133209698012
1158	0.4808807169962466	0.009505200993614543
1160	0.5206224999151537	0.009581423851704744
1162	0.5606338447178515	0.006819097667594586
1164	0.5983056462948003	0.009440800123978455
1166	0.629560280155709	0.00691989935105385
1168	0.6571851171895243	2.7780950773938623e-15
1170	0.6897495942789527	0.006533575283172482
1172	0.7134698156159386	0.009267840593141551
1174	0.7439985527879817	2.800218701445917e-15
1176	0.7721483480029999	0.009707451888779854
1178	0.8036118379567673	0.006610880944919943
1180	0.8368692280823279	0.006631128666036673
1182	0.8697648306305283	0.011890569748056789
1184	0.9140694315632936	0.007329880692208119
1186	0.9568518486827083	0.007395605497731763
1188	1.0045257584532379	0.01055133007424814
1190	1.0547673022368886	0.012205083470907405
1192	1.1060852104287777	0.010224682878049758
1194	1.159545263178417	0.01238542894746149
1196	1.2135228234107471	0.0129814246947477
1198	1.2590959801021675	0.014803291886629363
1200	1.3055497692551583	0.011200241497715136
1202	1.3427966562133766	0.0
1204	1.3695957827000302	0.010642158132554215
1206	1.3868991289905066	0.0
1208	1.3875036103457496	0.0
1210	1.3803066614779167	0.007009513587895691
1212	1.3545661519900916	0.008003931643110095
1214	1.32172759986393	0.007970781443022452
1216	1.2710672382395982	0.013123056562181866
1218	1.2075867523972577	0.012987930898082032
1220	1.1349380708487637	0.018134541651873424
1222	1.0555104193920206	0.017891804329720606
1224	0.9746772741144699	0.01763036854477366
1226	0.8872229673084746	0.02021672922580824
1228	0.8089580600180432	0.017143826065091714
1230	0.7271833245035637	0.016912969087759126
1232	0.6556297577502979	0.015373071581312172
1234	0.5897405825805375	0.011680194862462369
1236	0.5322832959428141	0.013237874494056374
1238	0.4786666874365229	0.0131341793822863
1240	0.4301388576525196	0.009211265124464402
1242	0.3914289803019136	0.0063538180761886455
1244	0.35718513043128536	2.7970420525598716e-15
1246	0.3246256718212093	0.01117432739496327
1248	0.300038578536207	0.009035138933792587
1250	0.2744623112265238	0.0064628761476456156
1252	0.2540773097620332	0.008979832743984869
1254	0.23384468591657082	1.931706041124821e-15
1256	0.2162643943658301	0.00624612624438795
1258	0.20731964617796675	0.009002174670439605
1260	0.18875467832765033	1.9147053278915984e-15
1262	0.18116442325872958	2.675810435143321e-15
1264	0.17121261556725445	0.006212520830591029
1266	0.1601578560010788	0.010865250987149442
1268	0.15515507548046917	3.754320073228114e-15
1270	0.15135424065100803	0.0
1272	0.14162389497521327	0.008881398632280778
1274	0.1330728666277738	2.6725214316731405e-15
1276	0.13056482405267075	0.010758414095320383
1278	0.12931214672249003	3.227599058536239e-15
1280	0.12322842168550667	0.006179275089435529
1282	0.12075044689805914	0.006252891002054242
1284	0.11353673921427675	0.00624612624438795
1286	0.11465507876128563	0.008727916833793165
1288	0.11341474771861841	0.006239376107956695
1290	0.10741241831412625	4.579420909974913e-15
1292	0.10381464858187295	4.175927689425459e-15
1294	0.10257738789101047	0.01071726382072881
1296	0.1049251095340676	0.008717045347983583
1298	0.10130691835143317	0.006223682384364997
1300	0.09771302761694856	0.006223682384364997
1302	0.09651549452221697	0.0
1304	0.09292461521383381	0.008793716967041646
1306	0.09406554194996018	0.01234677745619935
1308	0.09522733797560078	0.0061573082387798754
1310	0.09522733797560078	0.0061573082387798754
1312	0.09043474366051484	0.006210293322225812
1314	0.08804397170588642	0.006212520830591029
1316	0.08804397170588642	0.006212520830591029
1318	0.08684858588230533	0.006210293322225812
1320	0.08565362858923047	0.0
1322	0.08924997971225646	0.008745295186294688
1324	0.08808562430471652	0.0061573082387798754
1326	0.08929120347311426	0.010696742708190213
1328	0.08574543424583458	0.010672358591248817
1330	0.08695189326468282	0.010737557285928083
1332	0.0929459121576756	0.013811610807706223
1334	0.09417753690896506	0.017481196044262046
1336	0.09661910911736633	3.220702479351334e-15
1338	0.10147466912565006	0.008726361748425502
1340	0.10754076944075824	0.008783062121921216
1342	0.11606529828651796	0.0062506344553194685
1344	0.11980510046839359	0.006264198219056148
1346	0.13200778095154742	0.006280097199306667
1348	0.14310901168367207	0.006203620370948348
1350	0.1554917147877443	3.762436546867337e-15
1352	0.17648244328257925	0.014069838261003638
1354	0.1939944709506023	0.010880298898606233
1356	0.21904197512198142	0.012716385406110718
1358	0.24188821820537396	0.008977746715825434
1360	0.2689419796503032	0.008904004670186717
1362	0.2988248227984081	0.012840236606039942
1364	0.334335482547254	0.014490951445000054
1366	0.3692738123923143	0.013132888526149782
1368	0.40872820964529977	0.013120914703732542
1370	0.4478468699211669	0.01486083964690058
1372	0.4971047735422745	0.015014025914537446
1374	0.5433212921661433	0.01199361362789167
1376	0.5947064087467374	0.007018034066324064
1378	0.6484322424839365	0.012044530822127373
1380	0.6989325243036872	0.014162069514072697
1382	0.744235319243502	0.012321849342816753
1384	0.7965674641169559	0.01386742418376583
1386	0.839073119443202	0.014243287679897217
1388	0.8753358752346324	0.010118503558993281
1390	0.9065293712894213	0.007533931307390279
1392	0.9294149478165878	0.013064380699877394
1394	0.9443412592644277	0.009702871407858882
1396	0.9614163778189804	0.011904902877228148
1398	0.9706759784057358	0.009718398236222546
1400	0.9725135452442321	0.010680139164635912
1402	0.978436320756913	0.010223054891274333
1404	0.9864297050438458	0.010186625931239118
1406	0.9865261593663951	0.012262786348630306
1408	0.9922697137193482	0.014711385035484022
1410	0.9969685006604951	0.00680570061913173
1412	0.9944290824069949	0.009622850870739769
1414	0.9920285686781677	0.010128529213708028
1416	0.9935523605983647	0.01011654580164566
1418	0.9878671368609829	0.007491569236889182
1420	0.980496569684448	2.0380177319127202e-15
1422	0.9672857537361411	0.009558989275206996
1424	0.9537558161113603	0.006747373617330654
1426	0.9386171477053086	0.00673163936093579
1428	0.9194439792082986	0.012015864424942697
1430	0.9001529724483953	0.012329578644779954
1432	0.8768962080662847	0.006677142666032302
1434	0.8534594478044761	0.00666173387526548
1436	0.8314832489801587	3.469019011131009e-15
1438	0.8058510230545605	0.006626055116943478
1440	0.7880396021807616	0.00660835867061818
1442	0.7572927940677415	0.007116067409897392
1444	0.73592783858938	0.013659353841137126
1446	0.7080573899978201	0.00994920876634754
1448	0.6819392382104849	0.00924335751993731
1450	0.6555952546093929	0.009841281962865307
1452	0.6300532701615685	0.00979406249283357
1454	0.6032886870118879	0.011708892292460232
1456	0.583164832914589	0.014816057825005158
1458	0.5644312199106919	0.009390478831074939
1460	0.5384008393748361	1.9424856507293123e-15
1462	0.5177508131623355	0.014830699445790027
1464	0.4972881239635794	0.01148753433120712
1466	0.48328401259048537	0.009497827618391
1468	0.46566914099230844	0.014562605984626392
1470	0.44691826059540524	0.009431997469322445
1472	0.43220812353578536	0.009210090704369131
1474	0.4198532348341506	2.8259382762008753e-15
1476	0.40282287588733334	0.006610880944919943
1478	0.38825432036221735	0.008967563118785297
1480	0.3824659305855427	0.006580740150337306
1482	0.36561543475413405	0.006555831974143751
1484	0.35008943120970065	0.0065409773699727294
1486	0.338388539856493	0.006526189930553049
1488	0.3279797240067976	0.009208608055576642
1490	0.3213572926429482	0.0
1492	0.31225709347231867	0.006491944556104868
1494	0.3082076858812895	0.006284654599307056
1496	0.29197472009181746	0.006467702791518965
1498	0.29040959635243435	2.7532351661867574e-15
1500	0.28153532258318065	0.006271002199742139
1502	0.2776773146699536	0.006448439343145117
1504	0.2714444203186092	0.008986557554091933
1506	0.2748936149779767	0.0
1508	0.26375155254394317	0.0
1510	0.2636550351334008	1.9360034961662548e-15
1512	0.26346200031231604	3.3532564189909316e-15
1514	0.2609910340514016	0.006417379798328193
1516	0.25234471178541346	0.0
1518	0.25234471178541346	0.0
1520	0.25234471178541346	0.0
1522	0.2535171114248184	0.008955011347685792
1524	0.2509571336111836	0.012665324853400954
1526	0.25209884803175914	0.00895331200315875
1528	0.2520681403334666	4.673175074962981e-15
1530	0.24837059881917986	4.255241127355433e-15
1532	0.24097551579060641	3.2625297842779736e-15
1534	0.24097551579060641	3.2625297842779736e-15
1536	0.23956854173887768	0.012641954681505805
1538	0.2407118409543975	0.0
1540	0.22964377120248458	3.3347096467619995e-15
1542	0.23193379386843202	0.010889922968072459
1544	0.22448418061718345	0.006377212104450584
1546	0.22314674385830344	0.006232640545408511
1548	0.21811115450718588	0.0
1550	0.21076496459947447	0.0
1552	0.21188458492512532	0.0088016160358715
1554	0.20813994143809433	0.006225919509593022
1556	0.20686638608721505	3.316366909431075e-15
1558	0.20564426569466834	0.006349159851791711
1560	0.2019792479166127	0.006349159851791711
1562	0.20075712752406602	0.008979067972078588
1564	0.19831378255749554	0.008975777730974858
1566	0.19953545504078077	0.00897742300226161
1568	0.19709255765527187	0.0063468332999955255
1570	0.19709255765527187	0.0063468332999955255
1572	0.1970684357766285	0.0062192129535692114
1574	0.19826510903785102	0.00621698064454065
1576	0.19939123965668415	0.008793716967041646
1578	0.19446217173148203	0.00621698064454065
1580	0.19565841553880645	4.634639625091218e-15
1582	0.19565841553880645	4.634639625091218e-15
1584	0.1883435718780925	0.008957724869725974
1586	0.1858833020566271	0.006212520830591029
1588	0.18707868788020784	0.006210293322225812
1590	0.1858833020566271	0.006212520830591029
1592	0.19200143949089543	4.222542754433214e-15
1594	0.19565841553880645	4.634639625091218e-15
1596	0.203004040849855	0.008879455059017856
1598	0.19953635053110377	1.9147053278915984e-15
1600	0.20686638608721505	3.316366909431075e-15
1602	0.20829026381036345	0.006225919509593022
1604	0.21811115450718588	0.0
1606	0.21954897412604993	0.006232640545408511
1608	0.22939290946253	3.2554832836639832e-15
1610	0.23210288849095106	0.006391331393243636
1612	0.24320386778307648	0.006243874576671878
1614	0.24836968736499399	0.009057089548408167
1616	0.25715775561626214	0.006252891002054242
1618	0.26346200031231604	3.3532564189909316e-15
1620	0.2674655733552877	0.0
1622	0.28001972368853517	0.006266464571523246
1624	0.28526179958765085	0.006271002199742139
1626	0.29666294335283705	0.006277820977052479
1628	0.30699798405950796	0.006286935780649819
1630	0.3211201315915532	2.7687201783700352e-15
1632	0.3329941406904934	4.733661799055069e-15
1634	0.3510855682837162	0.00653604078327934
1636	0.3681402094947208	0.009278372234709224
1638	0.3866486777447549	0.0091382230319964
1640	0.4091379435400575	0.006349159851791711
1642	0.4371134860522649	0.006646396038254124
1644	0.4656098183384542	0.006692622904052469
1646	0.5021603152676954	0.00673949730571605
1648	0.5384008393748361	1.9424856507293123e-15
1650	0.581695275393578	0.009699034008837138
1652	0.6308928139865007	0.009790129215513031
1654	0.6853500455702721	0.013532337464515478
1656	0.7394252814933843	0.009652901290589735
1658	0.7964025992296961	0.009731550333252197
1660	0.8611635194890295	0.013599499408054503
1662	0.9230260078230054	0.009929604554465716
1664	0.9837321885349405	0.01208482807123536
1666	1.0499825248152677	0.01218408088048746
1668	1.119837123893051	0.012314155597888638
1670	1.2020379304853723	0.014670260511470263
1672	1.291288542385897	0.014877995370943566
1674	1.3914739206565603	0.015127145299503939
1676	1.5098557564570745	0.020632671376109
1678	1.6411452350854219	0.022785562473264086
1680	1.8009026762333082	0.02227976218439893
1682	1.9842759950139326	0.023722518633039025
1684	2.190843922243554	0.024687135428316277
1686	2.4306516346441995	0.0181481844620691
1688	2.704498960573471	0.017231099364713936
1690	3.0097790222726775	0.024652583340209398
1692	3.349931485911634	0.03032721649672769
1694	3.730324253428216	0.03399422329899549
1696	4.151991324797813	0.041073579592157385
1698	4.619047858394562	0.0490132171470197
1700	5.123635865130385	0.06255650496552159
1702	5.661579968443507	0.05521300744297704
1704	6.22157860594582	0.08274515302379276
1706	6.800449781330574	0.07670949196769124
1708	7.373705348108004	0.06636295523649251
1710	7.925778207673052	0.05019631642009318
1712	8.453214559192189	0.06472073472363188
1714	8.903051374794066	0.05234095824489152
1716	9.242688635018668	0.04241775694616672
1718	9.446314137038177	0.04923866995724314
1720	9.490821619023082	0.05832316810696834
1722	9.408938025600358	0.043471127662023254
1724	9.24022479989027	0.055738857156918294
1726	8.947696396628862	0.043551830969023556
1728	8.603881240304117	0.038461294483053805
1730	8.241871525249403	0.04874181508980258
1732	7.856088542260899	0.03317073000651154
1734	7.4979163096382	0.028255314968497584
1736	7.180588726744673	0.039734540248191605
1738	6.897996739677892	0.032874946225929666
1740	6.679649724360016	0.039520801386295455
1742	6.512201268103024	0.01186336169567741
1744	6.402546495302705	0.027656466801600343
1746	6.346520230549125	0.016395789133892374
1748	6.325585130238946	0.02459134744073523
1750	6.344304985156661	0.03289314668356668
1752	6.3931086106363955	0.03314464377589613
1754	6.446089420035325	0.03538798550867031
1756	6.482425611687948	0.0337365130362199
1758	6.50942657076613	0.027916729219539048
1760	6.496844276163763	0.03384914264496206
1762	6.43651982281672	0.011624502064220818
1764	6.32515463597568	0.03476654525218929
1766	6.1854805978548475	0.026500405434231815
1768	6.004404148061241	0.033070581247873085
1770	5.79996591373186	0.02241422118592495
1772	5.578667970818619	0.02853507666031134
1774	5.381086273519483	0.02081562130070835
1776	5.178088216146299	0.042586410124574155
1778	4.98198355768998	0.01940489789001033
1780	4.818898440108853	0.03273003579685128
1782	4.659207058316574	0.015492404361080311
1784	4.523081301109539	0.023427987764374922
1786	4.401537073988599	0.02295850586011657
1788	4.290512363543016	0.01960957581116008
1790	4.190645772707456	0.01929453197802315
1792	4.102607101275622	0.018976887699670562
1794	4.024855195625764	0.016393736046565296
1796	3.9471863800611313	0.01855410129538349
1798	3.883046308304671	0.020782481635313908
1800	3.8117268518086598	0.020519188370541785
1802	3.7467824637062725	0.01799679095519474
1804	3.689347439775459	0.012754424208901168
1806	3.6291733943267688	0.01538411378939463
1808	3.5746771788052896	0.015185123728521321
1810	3.5194327041438105	0.023046712177075008
1812	3.4568092249823983	0.022805827430891334
1814	3.400454490919589	1.820572325369732e-15
1816	3.3519340928628467	0.014659410131901189
1818	3.290501688620395	0.016663207095986454
1820	3.240741302258639	0.016511629102218713
1822	3.1821206181253	0.011884974297645406
1824	3.135820034474835	0.0
1826	3.0848459458388775	0.01631990659746453
1828	3.0399624175549236	0.01392369315629226
1830	2.9894157229483205	0.016086738766279293
1832	2.9432265751285267	0.017574926205410728
1834	2.897236795182677	0.019217501522106786
1836	2.8456685576895606	0.015247477016244116
1838	2.799466851366217	0.02058230254510278
1840	2.75397355126055	0.00802618539188498
1842	2.7034989763166597	0.01862293509761349
1844	2.6593684423451314	0.016696012973563393
1846	2.6081164574398183	0.02291830351920184
1848	2.5607360780976465	0.015119279620453823
1850	2.5202834778398917	0.010123032189181192
1852	2.4754163554504545	0.012715497435202035
1854	2.431787996918463	0.011006476800401902
1856	2.391862298053757	0.017724118001884285
1858	2.356965880014246	0.014646945530914243
1860	2.3232335067786383	0.015719306909989277
1862	2.2887610098176947	0.01740301124836296
1864	2.2560958141619065	0.015526153239595901
1866	2.221549191268235	2.0258392918569024e-15
1868	2.187317593862273	0.01537638604699911
1870	2.165701325640146	0.014249276590452822
1872	2.1384446772814907	0.01523301603615012
1874	2.11420615632267	0.015184547039883409
1876	2.0962470512835183	0.01311997444899728
1878	2.0779527022877367	0.01308139973606414
1880	2.067189325835883	0.011895878571708408
1882	2.058234669012491	0.02314111956292192
1884	2.051743203688497	0.021200113670977124
1886	2.0433762632973345	0.02364585912515272
1888	2.0448133546467466	0.02115438435268483
1890	2.031357767725001	0.025350071258478605
1892	2.03247185197382	0.02479219242054317
1894	2.0312130241335087	0.026460434036049228
1896	2.0300995724015536	0.019076238565618988
1898	2.039256675425133	0.023680710649091413
1900	2.0387876748964873	0.022484244492827918
1902	2.034793848037182	0.02248731626883671
1904	2.0402319393880988	0.0347321023640145
1906	2.043759571215094	0.042714882435128686
1908	2.0427727853680144	0.03131858678111165
1910	2.0490613400310513	0.033924295800021945
1912	2.056132559576477	0.026512806102007448
1914	2.0600034848318334	0.02488002818614939
1916	2.0647478472663283	0.021273136131387756
1918	2.0719559135858066	0.020639078890678314
1920	2.0856414655833633	0.026668433474459026
1922	2.0958084879844727	0.02673570275035156
1924	2.1052415950799097	0.02456541363568712
1926	2.1104387585379096	0.018577281322136426
1928	2.120526909137525	0.014192877750196524
1930	2.1255744108508368	0.015204646425479543
1932	2.1241197595803882	0.01698053268119397
1934	2.122407976787169	0.022772154183609696
1936	2.113946681130805	0.01603553699657451
1938	2.102189675224593	0.011962854827178326
1940	2.0941185507714715	0.016896711578184252
1942	2.076509753548366	0.020633820954247872
1944	2.055428513143012	0.01840273097103738
1946	2.043756453299133	0.01676218524469392
1948	2.0313469004592637	0.024220488568961293
1950	2.0130883425654678	0.011780988600109739
1952	1.9968325477727051	0.018958681872371003
1954	1.989367202526007	0.023472193506897606
1956	1.978129628256698	0.030082848747805844
1958	1.9675448135776434	0.023977567748389852
1960	1.9604596945810018	0.016537748281467674
1962	1.9592236951151747	0.023413253520918373
1964	1.9507414200150037	0.02271002636401435
1966	1.9521650010744513	0.020910480607843698
1968	1.9411519383024227	0.01567087999301971
1970	1.9333094995290818	0.01876026667829369
1972	1.9358570399696884	0.023844098699419055
1974	1.932309638086922	0.024364909059991603
1976	1.9296737622124611	0.02262541538524335
1978	1.9259233085138294	0.028430047259935868
1980	1.9259206322028077	0.018021757061318547
1982	1.9256193013122551	0.025481630985108326
1984	1.9234595781293808	0.02085331213016471
1986	1.9306738104338645	0.024371757923849484
1988	1.9339219399917862	0.016480803252434752
1990	1.9394193364014243	0.022682169976953926
1992	1.9387038822733793	0.016506939806353628
1994	1.9478833143633967	0.02279447486561501
1996	1.9560568982796358	0.013845259521494664
1998	1.9639361740908203	0.01564946505351765
2000	1.9703975449831812	0.022202178067822872
2002	1.9759355716941165	0.022222544772029968
2004	1.9838478106107547	0.024020684100043484
2006	1.9847862035851935	0.02825480932336111
2008	1.9881076736288825	0.0314848225393593
2010	1.9860476076179197	0.03319742466682272
2012	1.9885947484687325	0.02917327363914527
2014	1.9763787916706281	0.027700132814090717
2016	1.9741920570722697	0.022842379265604406
2018	1.9671054448051946	0.02025579892079982
2020	1.954937719798289	0.020241091842828712
2022	1.957175703769724	0.018825898879322164
2024	1.9543184982701518	0.018824637373677656
2026	1.9555514573056814	0.014771252639367287
2028	1.953001064768243	0.022224114754358777
2030	1.953923419247569	0.018137133608525032
2032	1.9562788031486669	0.026165559263693086
2034	1.9605734171731495	0.020973157673736264
2036	1.9580226784443149	0.020985377589024308
2038	1.9602684197052545	0.024009279163532637
2040	1.9579132697346264	0.024050653132059462
2042	1.9493344859920867	0.02455433572610727
2044	1.940646224868594	0.030471637165332296
2046	1.9353391392132684	0.03048584498797341
2048	1.928918479251335	0.031808121384650195
2050	1.917624359457207	0.029057237253062005
2052	1.9047827319549704	0.02439756330867913
2054	1.8894644459236039	0.026964675461719274
2056	1.8661931633524544	0.023642947158878373
2058	1.8530382686713167	0.015540503060093495
2060	1.8362531365843697	0.029010996059653293
2062	1.8209604987831567	0.027002759370248878
2064	1.8068635369999377	0.02498560698956488
2066	1.7964420352228467	0.025566253358208488
2068	1.7787763525498195	0.02330796366528988
2070	1.7766203569320007	0.026481317140943386
2072	1.7716299674450529	0.026599664013730945
2074	1.762967064415788	0.0283695999588134
2076	1.7605311506661352	0.01430665623445396
2078	1.7672819383964764	0.024777944452157547
2080	1.7708058723937892	0.02784259833981163
2082	1.7726709400400207	0.022279831769204107
2084	1.7886045415330483	0.025396079078250672
2086	1.808531200193138	0.03097102605093021
2088	1.8277498749924683	0.02478221306615335
2090	1.85934490471156	0.02536120028750249
2092	1.8978232078728308	0.020106370719117986
2094	1.9466664142265657	0.029100829706869707
2096	1.9878749053584877	0.02632191264678764
2098	2.0527373839007415	0.02319584108873858
2100	2.1135188574260235	0.02465683491665876
2102	2.1867957095559722	0.02240068006926514
2104	2.266597956747175	0.02874855433739748
2106	2.3632790563636727	0.024552384800011647
2108	2.4594210682333206	0.032368027931046685
2110	2.55544380581745	0.026660259315905925
2112	2.6605026118746973	0.033586597769497545
2114	2.7760567502950693	0.027707813509719997
2116	2.8794334617001502	0.04478743203341773
2118	2.983458983154028	0.03479260003973411
2120	3.094227500487849	0.043427053821567814
2122	3.188169005925694	0.027449841267768747
2124	3.27300831443231	0.029021369001145818
2126	3.364708378473692	0.02951660233944479
2128	3.4444648700139067	0.028710438412172804
2130	3.5290965783359063	0.03045322030547645
2132	3.6057730447837475	0.030859786117973208
2134	3.6726785649592384	0.032501257791663886
2136	3.7260176300412695	0.023960845088659068
2138	3.7738071455816997	0.035483404105099564
2140	3.7966311442694356	0.03874205411696789
2142	3.8063853815638082	0.04755397032452182
2144	3.778032121598246	0.03797564435665506
2146	3.7236204398595523	0.03864277851345431
2148	3.6479959105687088	0.04139764270717424
2150	3.563410960411582	0.03568012013131838
2152	3.467424390160186	0.0338868824148755
2154	3.366149565170655	0.027275840678714337
2156	3.2692330023399663	0.03979304794233359
2158	3.186658235330274	0.03156586273919089
2160	3.118859914075344	0.03959883541326556
2162	3.072963641213324	0.04321445080340894
2164	3.037191714571673	0.033788049125604916
2166	3.0254208368423607	0.03284259313184937
2168	3.0272358347978	0.03176021573606695
2170	3.0405184235509695	0.035836680535959266
2172	3.0480224956170416	0.036089440332636134
2174	3.0499944491708972	0.03441537897994733
2176	3.0538326116415924	0.03433590261663504
2178	3.042010721532517	0.032098256817398335
2180	3.0339264048550203	0.034151379458689575
2182	3.0108362691386374	0.025119818669314817
2184	2.988344029419969	0.031028187260828642
2186	2.960128041715773	0.024656466546916087
2188	2.9320095314959254	0.03201425829627263
2190	2.902740875996973	0.02239361524680568
2192	2.877303865952436	0.030129455346004662
2194	2.8561600428907106	0.03945253974259723
2196	2.8369864234937174	0.030605398648453422
2198	2.8260122398165524	0.03919017185861914
2200	2.819325122851828	0.02790876503335487
2202	2.8221691365621067	0.04140646270845542
2204	2.8481270014458375	0.03932843768417135
2206	2.872222807176472	0.03100513749737055
2208	2.910302110891911	0.037023988306349835
2210	2.962331111522353	0.0243597278307832
2212	3.0253205668641328	0.03012452628722777
2214	3.082420429930785	0.04183400317715881
2216	3.162301115377666	0.0453540229463812
2218	3.242954596602225	0.05256973637852693
2220	3.347681248875974	0.050349997627190904
2222	3.4454140712734307	0.044628317233806586
2224	3.57360419451496	0.03810669698245699
2226	3.716461162443284	0.04476153243244261
2228	3.8597344266910647	0.05346210054590355
2230	4.023587646761091	0.049280996729927515
2232	4.201059168703774	0.05753236219127336
2234	4.40654430262035	0.05839227711323014
2236	4.622899309515584	0.05213877789354329
2238	4.885835445009776	0.06659862059326749
2240	5.164589884260664	0.05713889570271195
2242	5.486323679215462	0.06540467934002146
2244	5.840766711707197	0.08406457088017713
2246	6.22051937359588	0.07055573061567345
2248	6.644925201284167	0.09633514391270358
2250	7.108930452739052	0.07935254439785847
2252	7.607641026805756	0.0747040706115191
2254	8.140047492150034	0.09880262975504095
2256	8.724387352170256	0.0633723143251152
2258	9.359281435019277	0.06554436745314034
2260	10.04264315956809	0.11434203668863628
2262	10.783074960059869	0.1376387647118476
2264	11.589872854527306	0.23071545861753445
2266	12.39998730035284	0.2238823962416131
2268	13.313431984625543	0.21213196607194845
2270	14.117753062089756	0.18879407055695865
2272	15.018090103698702	0.2188364791549397
2274	16.054302196824562	0.2799506635239415
2276	16.908077309104144	0.4879631547477481
2278	17.834979076435122	0.4558745740816059
2280	18.727792891767397	0.5400776482406651
2282	19.648811645325882	0.6509587295221251
2284	20.261019518120715	0.6129845962417051
2286	21.128787531650456	0.18024759135753354
2288	21.751122891176802	1.118023295362161
2290	22.76957129673326	1.1070221078474467
2292	23.428584549320053	2.873663257935514
2294	24.975488666519325	3.0647053144652716
2296	25.803426573937326	4.190392039341594
2298	27.992445837929694	3.3263130681371122
2300	30.28816406566307	6.573187572586108
2302		
2304		
2306		
2308		
2310		
2312		
2314		
2316		
2318		
2320		
2322		
2324		
2326	28.672166264645085	8.042321588953124
2328	27.442773394739493	5.037585441549457
2330	28.50996133789913	7.7503060952185
2332		
2334	28.553298008101923	7.0091654380787505
2336		
2338	30.220882314549584	8.563499743091679
2340	29.506880488901587	3.4826445406535864
2342		
2344		
2346		
2348		
2350		
2352		
2354		
2356		
2358		
2360		
2362		
2364		
2366		
2368		
2370		
2372		
2374		
2376		
2378		
2380		
2382		
2384		
2386		
2388	27.71495564986006	6.940340175698396
2390		
2392		
2394		
2396		
2398		
2400		
2402		
2404		
2406		
2408	30.370183715029253	9.692841408847753
2410	28.929870713513367	5.734877070868346
2412	28.769834521137692	6.963110817892445
2414	28.998234342593545	7.849366762542002
2416	28.6625772613622	8.174062368725062
2418	27.5460858268347	8.044655607880465
2420	28.798684984854276	7.086068595628341
2422	28.633312612493615	5.675473006335896
2424	29.228602550566986	5.280584363413482
2426	28.407523826393415	4.271239074242351
2428	28.06066320365444	8.844274977190862
2430	25.986272214935052	4.784248787184337
2432	26.82117885781277	5.839203371579551
2434	26.12297162221306	4.865142584460159
2436	25.539093890742862	6.011411958956894
2438	25.37052836509699	5.9656650408598475
2440	25.13367347008104	5.826955691174182
2442	24.67824999547575	4.257968513176378
2444	25.023703752356756	8.229608598579922
2446		
2448		
2450		
2452		
2454	26.36771676973076	4.825766286140011
2456	24.979897597746447	3.1892460777500933
2458	24.077768040118144	5.3029130082884794
2460	23.492212006979504	5.394245612478716
2462	23.250365138672734	4.0298130291220335
2464	23.366514281573387	3.4642156539023494
2466	23.877528176898938	3.685065669726329
2468	23.745373151066854	5.022573242368403
2470	22.994132450840507	4.64905890838243
2472	23.18207622447575	4.85778177080902
2474	22.707747757498577	3.625306470192943
2476	22.087337997627227	4.625802406645638
2478	21.6243020601682	4.970028924109413
2480	21.83668026470902	4.482198661578355
2482	21.33254392827868	5.211155402381378
2484	21.379055718550003	3.8547477539481223
2486	21.522341737342327	4.827549205781067
2488	20.721975936071782	2.5006720288630295
2490	20.59294577700506	2.2284750926827375
2492	20.206404431981866	3.0287675833356946
2494	19.85860555213202	2.0358217223340436
2496	19.1782502059581	2.512271228861862
2498	19.32508144814442	3.3193578640296493
2500	18.853871089458192	3.9131003446100525
