nm	mua[cm-1]	mua_std[cm-1]
450.0	156.1	27.59833328300823
452.0	163.79999999999998	19.50132632399811
454.0	134.3	15.45647013828844
456.0	116.3	13.59515472875411
458.0	97.72999999999999	11.748542961933401
460.0	85.33000000000001	9.22099831235985
462.0	75.92	8.68730590865875
464.0	72.66	7.82885940007692
466.0	70.22	7.62808990216788
468.0	66.42000000000002	8.435712444390479
470.0	62.91	7.138764460653629
472.0	60.24	7.08923301150117
474.0	63.86999999999999	6.45847782395117
476.0	60.51	7.14390182836615
478.0	60.949999999999996	6.66674629582073
480.0	60.35	7.57842861330194
482.0	61.519999999999996	6.32298237960849
484.0	61.96	7.00469701321288
486.0	63.6	6.87515835956785
488.0	64.33	6.4717093740542895
490.0	65.53999999999999	7.4827832017535
492.0	67.30999999999999	7.7503841402209
494.0	70.63	8.31743149455807
496.0	72.30000000000001	8.36527537495123
498.0	72.53	7.911827994984611
500.0	75.92999999999999	8.69824602725269
502.0	81.54	9.36650889546841
504.0	81.01	9.40327418679784
506.0	88.11	10.688594937053
508.0	86.3	9.804772080755141
510.0	92.36999999999999	10.918185644958491
512.0	95.38	11.44253802891692
514.0	100.6	12.19807908374647
516.0	103.64999999999999	10.96633940747777
518.0	105.69999999999999	8.49693534187954
520.0	111.9	13.89664743297977
522.0	112.6	13.495190089641401
524.0	117.49999999999999	14.46275250000992
526.0	122.6	13.11315173547153
528.0	128.55	15.81808335221116
530.0	132.6	16.31851246221884
532.0	138.0	15.522081046045342
534.0	145.15	5.02014691020093
536.0	153.79999999999998	17.37245584890697
538.0	163.2	18.752266529675822
540.0	170.4	17.78794799154754
542.0	157.65	24.15538242297149
544.0	191.0	5.01663898109748
546.0	193.9	22.278072178714208
548.0	197.8	1.21720992437623
550.0	175.2	25.6
552.0	206.55	6.05000000000002
554.0	153.5	0.0
556.0	211.10000000000002	2.6981475126464103
558.0	204.15	26.73308915100452
560.0	174.25	25.50564752276553
562.0	197.4	24.16186159126724
564.0	200.59999999999997	0.0
566.0	195.1	21.00780807223828
568.0	161.20000000000002	23.50000000000001
570.0	132.9	0.0
572.0	171.0	20.11546357904783
574.0	166.0	19.168920157379752
576.0	158.5	18.827838431429132
578.0	115.6	19.56396914966105
580.0	146.0	2.49933324442073
582.0	142.05	2.33706546763242
584.0	136.85	13.45429505977758
586.0	98.14	16.42067260768841
588.0	121.0	11.22458858439314
590.0	113.79999999999998	12.89343180357616
592.0	103.1	11.80058317479717
594.0	96.08	11.28119319930298
596.0	85.35	6.883055206780759
598.0	74.495	7.23315759195111
600.0	68.34	1.23915854065929
600.0	46.89	0.0
602.0	45.96	0.6251044357189877
604.0	43.85	1.1722730057456727
606.0	41.415000000000006	0.3042294455761224
608.0	39.28	0.0
610.0	33.42	0.3034615113797613
612.0	31.0	1.311441954491314
614.0	28.475	1.3613297726855165
616.0	28.935	0.9358552238460808
618.0	27.44	2.1594472081757305
620.0	25.81	0.9962051452176024
622.0	24.02	0.945223371601772
624.0	23.730000000000004	0.7760695526931096
626.0	22.770000000000003	0.7212181053991611
628.0	21.98	0.762592435198659
630.0	21.27	0.4623365679251613
632.0	20.55	0.6147226615452571
634.0	19.975	0.5979848973845404
636.0	18.340000000000003	0.6131221330208191
638.0	19.1	0.403818508435537
640.0	18.54	0.5623759122390158
642.0	18.18	0.5196580071974694
644.0	17.82	0.5264017148833187
646.0	17.450000000000003	0.5909418286920973
648.0	17.18	0.5306204148837077
650.0	17.08	0.5760615536383652
652.0	16.814999999999998	0.5573149917237111
654.0	16.48	0.543788720772605
656.0	16.259999999999998	0.554338667264598
658.0	15.99	0.5780063650382153
660.0	15.73	0.5647636892465361
662.0	14.81	0.5600223209837262
664.0	14.985	0.5120485816795121
666.0	14.66	0.5355993527504177
668.0	14.17	0.4908521187375438
670.0	13.68	0.4535402577854571
672.0	13.22	0.4347952547811978
674.0	12.76	0.3964284999284933
676.0	12.24	0.3804805278838398
678.0	11.84	0.3734159961394789
680.0	11.36	0.3514449889341335
682.0	10.97	0.3499876541032435
684.0	10.51	0.3247423290039556
686.0	10.14	0.316913860633656
688.0	9.732	0.298466368020764
690.0	9.386	0.2998171459200662
692.0	9.043	0.2690021799902485
694.0	8.743	0.2660377769517557
696.0	8.476	0.2463254897763936
698.0	8.202	0.2394099743170053
700.0	7.957	0.2195535874855561
702.0	7.737	0.2169327141514988
704.0	7.564999999999999	0.2034698994937578
706.0	7.348	0.1926844154326377
708.0	7.168	0.1819578705818098
710.0	6.961	0.1785266864582935
712.0	6.785	0.1652843416063569
714.0	6.61	0.1618351546603847
716.0	6.437	0.1553884022556237
718.0	6.277	0.1491264274299652
720.0	6.122999999999999	0.1481744050805926
722.0	5.968999999999999	0.1306962362611848
724.0	5.839	0.1224041070883602
726.0	5.739999999999999	0.1195597892682841
728.0	5.644	0.1135198900285707
730.0	5.587	0.1089350242400157
732.0	5.575	0.1073458699832888
734.0	5.58	0.107638053760201
736.0	5.635	0.1074262307899162
738.0	5.703	0.1088791378853939
740.0	5.818	0.1189771219838315
742.0	5.955	0.1324759470364708
744.0	6.14	0.1391561872301926
746.0	6.331	0.144870908904837
748.0	6.578	0.1575365918692474
750.0	6.776	0.1690564957800559
752.0	7.032	0.1915712806126106
754.0	7.201	0.1988394103569791
756.0	7.329	0.2100751188397985
758.0	7.354000000000001	0.2005729447678312
760.0	7.278	0.2012202282249816
762.0	7.173	0.1900524943726971
764.0	6.945	0.1712689747981083
766.0	6.66	0.1547485415476057
768.0	6.359	0.1325651016400604
770.0	6.034000000000001	0.1062632417311361
772.0	5.713	0.0896933045934249
774.0	5.383	0.0697627372325141
776.0	5.111	0.0524107707335895
778.0	4.863	0.033273279235914
780.0	4.627	0.0240205673188829
782.0	4.434	0.0192494989513114
784.0	4.265	0.0229056033901459
786.0	4.123	0.0318119474411736
788.0	4.006	0.0363576201532756
790.0	3.891	0.0459390363604678
792.0	3.786	0.0496262574863222
794.0	3.707	0.0590818641096121
796.0	3.642	0.065576079649688
798.0	3.573	0.0669268994989549
800.0	3.515	0.0745541480244681
802.0	3.4810000000000003	0.0839922101032274
804.0	3.4250000000000003	0.0916718517052084
806.0	3.39	0.0953023777766146
808.0	3.356	0.098206635264001
810.0	3.326	0.1042654494577051
812.0	3.317	0.1102046356937631
814.0	3.286	0.1114395146799318
816.0	3.286	0.1167054961837967
818.0	3.273	0.121284585241835
820.0	3.252	0.1253396373513104
822.0	3.245	0.1296086226364913
824.0	3.236	0.1331427341401737
826.0	3.2350000000000003	0.1413970855515387
828.0	3.229	0.1465093432321673
830.0	3.231	0.1508637681592565
832.0	3.2379999999999995	0.1489069640769608
834.0	3.234	0.1584971861727878
836.0	3.233	0.1612498253420433
838.0	3.23	0.1628456058910547
840.0	3.244	0.1651722632381412
842.0	3.2350000000000003	0.1714999190152061
844.0	3.2350000000000003	0.1759602929395095
846.0	3.234	0.1795853935604088
848.0	3.2379999999999995	0.1787655889774907
850.0	3.247	0.1854711717641196
852.0	3.252	0.1902735522645174
854.0	3.26	0.1953824991846872
856.0	3.276	0.1936283827781556
858.0	3.281	0.2024192568792691
860.0	3.297	0.2027491303965153
862.0	3.3150000000000004	0.1991938072318168
864.0	3.333	0.2060870605914158
866.0	3.347	0.2067885542597546
868.0	3.369	0.2107793885020163
870.0	3.379	0.2084599615167277
872.0	3.404	0.2133434604077787
874.0	3.427	0.2121650301062831
876.0	3.4560000000000004	0.2080421965745303
878.0	3.478	0.2143205168681181
880.0	3.494	0.2183854899534816
882.0	3.5210000000000004	0.2150595668273108
884.0	3.556	0.214276560651053
886.0	3.576	0.2202512594378307
888.0	3.59	0.2221408184235319
890.0	3.627	0.2198529811790899
892.0	3.635	0.222564070397939
894.0	3.654	0.2237095228578434
896.0	3.67	0.2258347478430486
898.0	3.683	0.2274065267204566
900.0	3.697	0.2294006684093719
902.0	3.711	0.2289520948329477
904.0	3.719	0.2264641797091937
906.0	3.709	0.2327553688497755
908.0	3.718	0.2326996156230411
910.0	3.722	0.2330050070992751
912.0	3.716	0.2401800250737858
914.0	3.701	0.2391926750602307
916.0	3.694	0.241980001214262
918.0	3.66	0.248182479659376
920.0	3.637000000000001	0.2434539021439908
922.0	3.615	0.2463427803531063
924.0	3.588	0.247848569857175
926.0	3.563	0.2558949437214854
928.0	3.519	0.257610817578248
930.0	3.485	0.2524739810576749
932.0	3.432	0.2616873075133378
934.0	3.4000000000000004	0.2669786138381004
936.0	3.356	0.2715728308744005
938.0	3.291	0.2720057188941274
940.0	3.236	0.2743238601487548
942.0	3.177	0.281591289497718
944.0	3.135	0.2858733640039126
946.0	3.068	0.2854679502453541
948.0	3.0170000000000003	0.290485034994155
950.0	2.9559999999999995	0.2905026295539815
952.0	2.895	0.294147019593608
954.0	2.8520000000000003	0.2959334676645252
956.0	2.803	0.2996746795781166
958.0	2.743	0.3015498648443642
960.0	2.6750000000000003	0.3047489960890502
962.0	2.623	0.3121694696439384
964.0	2.547	0.3158807010311814
966.0	2.474	0.3176171699808853
968.0	2.4	0.3182807208800914
970.0	2.323	0.321907547497418
972.0	2.256	0.3246259766120974
974.0	2.177	0.3259389854285955
976.0	2.108	0.3300012719765983
978.0	2.036	0.3331414262389821
980.0	1.966	0.3312709904833239
982.0	1.896	0.3371543589046346
984.0	1.819	0.3375312696991071
986.0	1.75	0.3378947896740772
988.0	1.691	0.3395512652434019
990.0	1.608	0.3393068460884176
992.0	1.5490000000000002	0.3416609032937572
994.0	1.493	0.3418336538633671
996.0	1.427	0.3434874878667163
998.0	1.376	0.3454607587012874
1000.0	1.312	0.3433339805819141
1002.0	1.255	0.3423409606420671
1004.0	1.205	0.3428076162053508
1006.0	1.146	0.3421124282750437
1008.0	1.102	0.342069013324129
1010.0	1.056	0.341384255460827
1012.0	1.002	0.3381420240003625
1014.0	0.9738	0.3404037961663242
1016.0	0.9222	0.3387203023290404
1018.0	0.8803	0.3362843109301678
1020.0	0.8534999999999999	0.3365612082721064
1022.0	0.805	0.3313011788556013
1024.0	0.7771	0.3318437052158109
1026.0	0.7443	0.3315654288074178
1028.0	0.7083	0.3276288814354089
1030.0	0.6891	0.3283344196259526
1032.0	0.6492	0.325810821046679
1034.0	0.6289	0.3230794780480531
1036.0	0.6046	0.3194197377885232
1038.0	0.5658	0.3153974247763534
1040.0	0.5547	0.3147079814371521
1042.0	0.5324	0.3118278656210471
1044.0	0.5098	0.3079902271176798
1046.0	0.5007	0.306014419090601
1048.0	0.4723	0.3031931523869248
1050.0	0.4584	0.29946583926867
1052.0	0.4474	0.297127047274768
1054.0	0.4238	0.2935452492092715
1056.0	0.4216	0.2903038752755464
1058.0	0.4029	0.2867379489325135
1060.0	0.392	0.2821190756391814
1062.0	0.3842	0.2814640445866251
1064.0	0.3692	0.2735378439974356
1066.0	0.3661	0.2725724287027007
1068.0	0.3538	0.2701508220729055
1070.0	0.3408	0.263860218793452
1072.0	0.3442	0.263439632553646
1074.0	0.3361	0.2581570112724731
1076.0	0.3293999999999999	0.2552766037936975
1078.0	0.3334999999999999	0.2526596280657457
1080.0	0.3203	0.2451415861985693
1082.0	0.3242	0.2446939539733483
1084.0	0.3209	0.2405741558115594
1086.0	0.316	0.2350732499445783
1088.0	0.3202	0.2330994494487993
1090.0	0.3146	0.227332838600526
1092.0	0.3167999999999999	0.2235614363043616
1094.0	0.3239999999999999	0.2215919573349979
1096.0	0.3185	0.2163396358152877
1098.0	0.3288	0.2127996455255564
1100.0	0.3266	0.2094152676406084
1102.0	0.3252	0.2060445822547713
1104.0	0.337	0.2030352447662325
1106.0	0.3319	0.1982620288879477
1108.0	0.3400999999999999	0.1952599691579294
1110.0	0.3534	0.1924539945025823
1112.0	0.3481999999999999	0.1871987891698732
1114.0	0.3594	0.1846680505363309
1116.0	0.3598	0.1803440908682929
1118.0	0.3644	0.1776225398609834
1120.0	0.3753	0.1750917226999171
1122.0	0.3769	0.1698308773856516
1124.0	0.3905	0.1672136830599372
1126.0	0.4075999999999999	0.1637647348944873
1128.0	0.416	0.1602895158420814
1130.0	0.4507	0.1583472048504507
1132.0	0.4775	0.1523445104903462
1134.0	0.5103	0.1498959598035654
1136.0	0.5633	0.148885343241364
1138.0	0.6138	0.1457394004362107
1140.0	0.6826	0.143207214108925
1142.0	0.7550999999999999	0.1422336575263862
1144.0	0.8194999999999999	0.1390434446717026
1146.0	0.8955000000000001	0.1373369156310921
1148.0	0.9612	0.1355052848497882
1150.0	1.026	0.1328707289709963
1152.0	1.084	0.1282960503803989
1154.0	1.134	0.1252172433201248
1156.0	1.174	0.1220500807956399
1158.0	1.2	0.1208811272018102
1160.0	1.224	0.1182252505877792
1162.0	1.252	0.1163615056623108
1164.0	1.268	0.1140972078514902
1166.0	1.283	0.1109735815519582
1168.0	1.301	0.1084691456385434
1170.0	1.312	0.1072816760900545
1172.0	1.322	0.1021262834816668
1174.0	1.332	0.1018700455130924
1176.0	1.343	0.1010566397840559
1178.0	1.3370000000000002	0.0979671146638276
1180.0	1.354	0.0976146366276626
1182.0	1.37	0.0955593022521281
1184.0	1.368	0.0940316468923305
1186.0	1.381	0.0932850404160929
1188.0	1.389	0.0916872030867805
1190.0	1.3969999999999998	0.0895252223236489
1192.0	1.401	0.0870031927894347
1194.0	1.394	0.0855666659452596
1196.0	1.398	0.0844201719501848
1198.0	1.391	0.0837369484947348
1200.0	1.383	0.0799265094544998
1202.0	1.392	0.0781548004891969
1204.0	1.373	0.0762128274093567
1206.0	1.364	0.0754764291552315
1208.0	1.3569999999999998	0.0740672033850607
1210.0	1.342	0.0739233837609364
1212.0	1.3370000000000002	0.0709169223566787
1214.0	1.332	0.068494930874887
1216.0	1.31	0.0665161263283453
1218.0	1.3170000000000002	0.0678757033931223
1220.0	1.2959999999999998	0.064580890037415
1222.0	1.286	0.0641926113974551
1224.0	1.291	0.0628079573475594
1226.0	1.266	0.0590745500967701
1228.0	1.266	0.0597478239698803
1230.0	1.2559999999999998	0.0578947533817685
1232.0	1.239	0.0570862462084593
1234.0	1.251	0.0558843603201741
1236.0	1.226	0.0547129433757635
1238.0	1.219	0.0535594742688034
1240.0	1.228	0.0532436746373584
1242.0	1.191	0.0525253613052486
1244.0	1.199	0.0520059350838979
1246.0	1.196	0.0505239217269073
1248.0	1.169	0.0482217101867336
1250.0	1.181	0.0481732982747358
1252.0	1.163	0.0461914961977597
1254.0	1.154	0.045353209150477
1256.0	1.158	0.0442543155459944
1258.0	1.134	0.0457175979840596
1260.0	1.144	0.0416825155042906
1262.0	1.142	0.0428523160127235
1264.0	1.128	0.0413951151170709
1266.0	1.146	0.040720668456033
1268.0	1.133	0.0400715409619062
1270.0	1.131	0.0397569778020238
1272.0	1.148	0.0398342243817896
1274.0	1.135	0.0383244756271859
1276.0	1.154	0.037055847075315
1278.0	1.164	0.0374284502603151
1280.0	1.156	0.0355103879776184
1282.0	1.177	0.0355933826558939
1284.0	1.186	0.0357677694766298
1286.0	1.191	0.0359416536783687
1288.0	1.227	0.0345857317329874
1290.0	1.223	0.0344641520681675
1292.0	1.241	0.033816498274593
1294.0	1.267	0.0348042143042093
1296.0	1.27	0.0323720653848955
1298.0	1.3050000000000002	0.0329207803336703
1300.0	1.33	0.0333303702386714
1302.0	1.353	0.032732737416315
1304.0	1.402	0.0326636430951435
1306.0	1.42	0.032100921105203
1308.0	1.461	0.0303754286663854
1310.0	1.524	0.0334888962618881
1312.0	1.545	0.0302066953578911
1314.0	1.61	0.0299621159977351
1316.0	1.663	0.0302508034787691
1318.0	1.712	0.0314281465419412
1320.0	1.786	0.0300879369618005
1322.0	1.846	0.0310165228766544
1324.0	1.911	0.0298432116896057
1326.0	1.999	0.0321953911278702
1328.0	2.068	0.027503535126315
1330.0	2.1590000000000003	0.0275801861245835
1332.0	2.24	0.0296177290915967
1334.0	2.316	0.0279289221302582
1336.0	2.415	0.0254926762661333
1338.0	2.499	0.0244575722324637
1340.0	2.596	0.0281148438452794
1342.0	2.708	0.0330222521309868
1344.0	2.7700000000000005	0.0267447929626924
1346.0	2.867	0.0295463644856857
1348.0	2.9770000000000003	0.0336004115201136
1350.0	3.046	0.0304813239724115
1352.0	3.144	0.0305141133102554
1354.0	3.227	0.029936970825757
1356.0	3.303	0.0300940911307794
1358.0	3.373	0.0328671099061089
1360.0	3.47	0.0352230984819147
1362.0	3.579	0.033626855816427
1364.0	3.673	0.0353011733446095
1366.0	3.772	0.0354644666541275
1368.0	3.896	0.033220178309479
1370.0	4.044	0.04215579570013
1372.0	4.248	0.0360585942907127
1374.0	4.478	0.0379827771236476
1376.0	4.732	0.0401730823214981
1378.0	5.017	0.0422794933218878
1380.0	5.376	0.0496990945591568
1382.0	5.782	0.053042959528627
1384.0	6.343	0.0752680805562175
1386.0	7.029999999999999	0.072776675140078
1388.0	7.723	0.0747440075635944
1390.0	8.652999999999999	0.0860289931030285
1392.0	9.547	0.0851792590531255
1394.0	10.66	0.084692617778487
1396.0	11.65	0.1037566002660332
1398.0	12.98	0.1410104627936668
1400.0	14.32	0.1883128471322701
1402.0	15.12	0.1935056703159997
1404.0	16.57	0.2439995952233032
1406.0	17.0	0.2600470914967485
1408.0	18.26	0.2586909114258202
1410.0	18.89	0.3533496851562204
1412.0	19.99	0.375363769140914
1414.0	20.43	0.2696499788820887
1416.0	21.42	0.4689968280184392
1418.0	21.575	0.3081801421246993
1420.0	21.47	0.3875722447466511
1422.0	22.41	0.3650999304076526
1424.0	22.395	0.2348581131946123
1426.0	22.27	0.231604871120039
1428.0	22.75	0.5013044209350042
1430.0	22.75	0.4337177781819777
1432.0	22.35	0.5083257437199057
1434.0	22.685	0.5575965287633069
1436.0	23.105	0.5094604989594389
1438.0	23.4	0.4138308833327935
1440.0	23.46	0.4732054918320361
1442.0	23.99	0.764732633016272
1444.0	23.35	0.6285909087890509
1446.0	23.0	0.5271938289977728
1448.0	23.380000000000003	0.4572130247488585
1450.0	23.89	0.4309969064080774
1452.0	23.04	1.7423219959295693
1454.0	24.64	1.039680092084846
1456.0	23.615	0.3453500639447841
1458.0	22.89	0.3781451440915245
1460.0	23.880000000000003	0.45898665557944
1462.0	24.04	0.5990325533725185
1464.0	23.410000000000004	0.5600167408212012
1466.0	23.135	0.3587671792247581
1468.0	24.245	0.4114228360215318
1470.0	23.33	0.4122620525830628
1472.0	22.325000000000003	0.3824897874453647
1474.0	22.360000000000003	0.5371759718112473
1476.0	22.16	0.3903274978214528
1478.0	21.67	0.3290516676754566
1480.0	21.880000000000003	0.5373415464115912
1482.0	21.840000000000003	0.7749928315080655
1484.0	21.03	0.3108054053584004
1486.0	22.195	0.4299127818523193
1488.0	21.22	0.3968878934913483
1490.0	20.49	0.4714778446806293
1492.0	20.22	0.4192055979269994
1494.0	19.72	0.378778876786971
1496.0	19.5	0.2911959164006164
1498.0	20.755	0.6358802953386747
1500.0	19.33	0.3845695645783736
1502.0	18.56	0.3330892335396022
1504.0	19.1	0.4244898899463537
1506.0	18.36	0.3913919446296609
1508.0	17.73	0.3953620000848731
1510.0	17.310000000000002	0.3596328717861253
1512.0	17.509999999999998	0.3550899729489534
1514.0	16.84	0.2953006419495265
1516.0	16.95	0.4350734293069259
1518.0	16.51	0.3352610922848038
1520.0	16.0	0.2056486275779424
1522.0	15.67	0.3184375435400209
1524.0	15.27	0.2200392781996371
1526.0	14.82	0.1820866704499691
1528.0	14.76	0.1595827893811446
1530.0	14.8	0.221355906855904
1532.0	13.9	0.2252406120870151
1534.0	14.035	0.2631064423384571
1536.0	13.66	0.1409316444062923
1538.0	13.13	0.3051815893351626
1540.0	12.82	0.2494933136984777
1542.0	13.11	0.2334179740664459
1544.0	12.65	0.2109238935940846
1546.0	12.07	0.2377258510278462
1548.0	12.330000000000002	0.1650215100083382
1550.0	11.81	0.1248801894953521
1552.0	11.46	0.1411067365901115
1554.0	11.56	0.0663324958071079
1556.0	11.23	0.1729482902809709
1558.0	10.920000000000002	0.1680608355460737
1560.0	11.05	0.1571269833252356
1562.0	10.68	0.1983263304085802
1564.0	10.36	0.138439272241534
1566.0	10.11	0.1035450638461996
1568.0	10.169999999999998	0.1872738801136976
1570.0	9.827	0.1300488037546855
1572.0	9.685	0.1328273733501915
1574.0	9.626	0.154542414969779
1576.0	9.227	0.1155152707557655
1578.0	9.154	0.1155727551302431
1580.0	9.0	0.1108149386016341
1582.0	8.77	0.116459604611096
1584.0	8.834	0.0852818131509938
1586.0	8.497	0.1153795668411199
1588.0	8.535	0.103141159414814
1590.0	8.204	0.0889108306252344
1592.0	8.292	0.1006092551519105
1594.0	7.971	0.1095097943643783
1596.0	7.835999999999999	0.0935984330353167
1598.0	7.881	0.1046040152193021
