nm	musp[cm-1]	musp_std[cm-1]
600.0	0.9578	0.0
602.0	1.152	0.2325585422115376
604.0	1.672	0.2763066412520698
606.0	1.785	0.1633836657142391
608.0	2.041	0.0
610.0	2.67	0.1224744871391588
612.0	2.78	0.1505363743418846
614.0	3.2135	0.1683795934785449
616.0	3.2395	0.0837048385698222
618.0	3.479	0.9669733736283136
620.0	3.689	0.098506626962634
622.0	3.745	0.0489251128426564
624.0	3.8	0.086860040678477
626.0	3.896	0.0603442797518159
628.0	4.002	0.0817964954424494
630.0	4.12	0.0501324775581903
632.0	4.109	0.0713345448149117
634.0	4.207	0.0794511445795464
636.0	4.2565	0.0216145205822385
638.0	4.316	0.0843300125720858
640.0	4.291	0.0595333706606825
642.0	4.41	0.0754749570109347
644.0	4.425	0.0858991656924948
646.0	4.37	0.0814009978377391
648.0	4.526	0.0901295364091777
650.0	4.449	0.0573139502118716
652.0	4.4965	0.0763671231617375
654.0	4.571	0.0807801466869517
656.0	4.549	0.0681927189191062
658.0	4.554	0.0634433741882875
660.0	4.574	0.0643221061015054
662.0	4.62	0.077567175188134
664.0	4.716	0.0557044376598489
666.0	4.709	0.052999883531202
668.0	4.761	0.0781092934828824
670.0	4.867	0.0782971547659585
672.0	4.876	0.0932070574342713
674.0	4.979	0.0954666252844935
676.0	4.993	0.1144688215677576
678.0	5.081	0.0961292853722154
680.0	5.154	0.1012850762287647
682.0	5.148000000000001	0.0954684357377989
684.0	5.225	0.1105221054923818
686.0	5.285	0.1099687946758951
688.0	5.341	0.1162497311824845
690.0	5.368	0.1003956371094746
692.0	5.442	0.1216967491982926
694.0	5.457	0.1122481818159546
696.0	5.493	0.1186001686339443
698.0	5.517	0.1230661771187247
700.0	5.526	0.12608286516767
702.0	5.57	0.1185346748247215
704.0	5.568999999999999	0.1289224094342055
706.0	5.611000000000001	0.126092558596189
708.0	5.615	0.1311691020527828
710.0	5.646	0.132608865130168
712.0	5.658	0.133976596445281
714.0	5.6610000000000005	0.130027347550856
716.0	5.683	0.1318454014235733
718.0	5.691000000000001	0.1358733978632815
720.0	5.675	0.126458112910907
722.0	5.716	0.1360686101445394
724.0	5.712000000000001	0.1394452855220319
726.0	5.715	0.1353027697653406
728.0	5.727	0.1369077367976759
730.0	5.712000000000001	0.1420915198032591
732.0	5.707	0.1407512471711952
734.0	5.712000000000001	0.1319806383106587
736.0	5.682	0.1442103230838577
738.0	5.659999999999999	0.1420813538474035
740.0	5.632000000000001	0.1375249472318062
742.0	5.5920000000000005	0.1278764836149648
744.0	5.579	0.135147747225941
746.0	5.549	0.1356876405663726
748.0	5.493	0.1369750810896134
750.0	5.444	0.1325434939096512
752.0	5.394	0.1249231862751497
754.0	5.359	0.1261797659426159
756.0	5.305	0.114036814501846
758.0	5.333	0.1212554695215391
760.0	5.337	0.1248359911698467
762.0	5.329000000000001	0.1212948656969635
764.0	5.379	0.1305717720425091
766.0	5.407	0.1249080649572238
768.0	5.434	0.1332414498218073
770.0	5.465999999999999	0.1415170015524463
772.0	5.534	0.1443868261149734
774.0	5.574	0.1420462452952178
776.0	5.577999999999999	0.1481776544690545
778.0	5.626	0.1461869258311104
780.0	5.632000000000001	0.147223941289754
782.0	5.657	0.1533454906613587
784.0	5.658	0.1468305481721812
786.0	5.684	0.1517161091571284
788.0	5.68	0.1416728974664641
790.0	5.7010000000000005	0.1495822165438557
792.0	5.709999999999999	0.1482301347213384
794.0	5.699	0.1528107843133759
796.0	5.694	0.1440393464763475
798.0	5.707	0.1514867064208016
800.0	5.709	0.1464050697361412
802.0	5.702	0.1503404367213967
804.0	5.694	0.1559330340598525
806.0	5.6930000000000005	0.1497655781381746
808.0	5.691000000000001	0.1507456364661354
810.0	5.695	0.1479331680936436
812.0	5.689	0.1580410948276461
814.0	5.674	0.1490886719330663
816.0	5.657	0.1504903918019065
818.0	5.657	0.1492828122212713
820.0	5.655	0.1501887701083764
822.0	5.648999999999999	0.1511526903580256
824.0	5.643000000000001	0.1507537440928907
826.0	5.642	0.1514331535694873
828.0	5.622	0.1543257737529426
830.0	5.623	0.1553810926419856
832.0	5.614	0.1538951863934076
834.0	5.608	0.155538332379855
836.0	5.606999999999999	0.1599790109689934
838.0	5.598	0.1546975543870469
840.0	5.589	0.1480115944740998
842.0	5.585	0.1578628878426612
844.0	5.582000000000001	0.158435951151511
846.0	5.565	0.1564105076827648
848.0	5.558	0.1559287586616969
850.0	5.536	0.1607370369943666
852.0	5.539	0.1597579959937862
854.0	5.545999999999999	0.1620809125783236
856.0	5.526999999999999	0.1570784973221592
858.0	5.510000000000001	0.1586477579769445
860.0	5.503	0.1606418453241118
862.0	5.488	0.1583550472440154
864.0	5.484999999999999	0.1629549661337583
866.0	5.49	0.1616824352752739
868.0	5.461	0.161276696517216
870.0	5.461	0.1532006672454284
872.0	5.45	0.1606771166111379
874.0	5.452	0.154602317392754
876.0	5.448	0.1571644573899157
878.0	5.438	0.167967589466275
880.0	5.438	0.1622397250831672
882.0	5.402	0.1572109536597795
884.0	5.395	0.1580126577208294
886.0	5.394	0.1628578869997539
888.0	5.374	0.1645405124791872
890.0	5.377	0.1647591583096779
892.0	5.37	0.1624284077811545
894.0	5.332	0.1619869679257494
896.0	5.351	0.1611710233430069
898.0	5.3420000000000005	0.1639966877112064
900.0	5.335	0.1596661640756026
902.0	5.316	0.1629048802215573
904.0	5.322	0.1595341211229406
906.0	5.324999999999999	0.1650203878163596
908.0	5.319000000000001	0.1641273218503788
910.0	5.323	0.1621384867602043
912.0	5.324	0.1694146786241775
914.0	5.3100000000000005	0.1651551459150524
916.0	5.305	0.1696159059627237
918.0	5.283	0.1660797071764111
920.0	5.303	0.1632385968641388
922.0	5.292	0.163409128294219
924.0	5.2700000000000005	0.1625036371862657
926.0	5.263	0.1625154883407034
928.0	5.269	0.1621309484473722
930.0	5.273	0.1516040977979677
932.0	5.293	0.1635128265441108
934.0	5.276	0.1659387065183636
936.0	5.279	0.1675662389756493
938.0	5.271	0.1624081126721458
940.0	5.286999999999999	0.1614606935311365
942.0	5.269	0.1678077235968756
944.0	5.281000000000001	0.1651440074900587
946.0	5.298	0.1609576280413309
948.0	5.283	0.1617728173842701
950.0	5.32	0.1636018201474407
952.0	5.339	0.1595830988297283
954.0	5.321	0.1605497499911545
956.0	5.328	0.1540464896959821
958.0	5.327	0.1534394157998124
960.0	5.3500000000000005	0.1542271853187953
962.0	5.329000000000001	0.1605948048911444
964.0	5.326	0.1559686578201603
966.0	5.3420000000000005	0.1525606942567412
968.0	5.356999999999999	0.1509050065029465
970.0	5.346	0.1498550740211241
972.0	5.347	0.151606296491282
974.0	5.348000000000001	0.1494053232561809
976.0	5.354	0.1463633226673342
978.0	5.356	0.1494151561552202
980.0	5.374	0.1491360303734665
982.0	5.351	0.1501693694005966
984.0	5.366999999999999	0.1439864534094512
986.0	5.377	0.1472239412897537
988.0	5.365	0.148408179202903
990.0	5.385999999999999	0.1473193390370761
992.0	5.376	0.1470160820966934
994.0	5.373	0.1403918677958588
996.0	5.371	0.1382636593837037
998.0	5.368	0.1418301888496796
1000.0	5.382	0.1428705707974879
1002.0	5.396	0.1448422726644995
1004.0	5.389	0.1435687988387448
1006.0	5.388	0.1426410499674006
1008.0	5.389	0.1425096054808973
1010.0	5.396	0.1450438843766319
1012.0	5.399000000000001	0.1385932854269358
1014.0	5.385	0.1435424830649257
1016.0	5.393	0.1392235966944654
1018.0	5.404999999999999	0.1438508315179132
1020.0	5.388	0.1405305643131517
1022.0	5.388	0.1331381905306579
1024.0	5.401	0.1417321417322125
1026.0	5.393	0.1374959483129199
1028.0	5.395	0.1359837499369451
1030.0	5.387	0.1404722194757539
1032.0	5.388	0.1359395290397737
1034.0	5.384	0.1358022345676987
1036.0	5.356	0.1323920478011712
1038.0	5.385	0.1347087393024091
1040.0	5.382	0.1334725199441701
1042.0	5.377	0.1311953589965064
1044.0	5.371	0.1350102876738578
1046.0	5.354	0.1318889356922128
1048.0	5.356	0.1312571691163743
1050.0	5.363	0.1271605381757086
1052.0	5.356	0.1336363224077443
1054.0	5.351	0.1356496940880181
1056.0	5.348000000000001	0.136946686932282
1058.0	5.32	0.1320605921537534
1060.0	5.332	0.1246111978005344
1062.0	5.323	0.1349489158035114
1064.0	5.341	0.1300452912556921
1066.0	5.319000000000001	0.1252011714535186
1068.0	5.323	0.1234423942223985
1070.0	5.326	0.1263277141328245
1072.0	5.334	0.1365054152591087
1074.0	5.313	0.130469238605206
1076.0	5.311	0.1232260794907745
1078.0	5.322	0.1272507973731354
1080.0	5.295	0.1207554410501237
1082.0	5.329000000000001	0.1321699242978101
1084.0	5.28	0.1189193107494986
1086.0	5.314	0.1248216505436634
1088.0	5.301	0.1249115242437178
1090.0	5.309	0.1234386937354373
1092.0	5.286	0.1212106624491345
1094.0	5.294	0.1235638486425461
1096.0	5.299	0.128945102683944
1098.0	5.288	0.1210966352205063
1100.0	5.284	0.1236102996228046
1102.0	5.281000000000001	0.1246890453275322
1104.0	5.279	0.1299863240669741
1106.0	5.28	0.1233378377555816
1108.0	5.282	0.1289140779983814
1110.0	5.247000000000001	0.1244121982031038
1112.0	5.244999999999999	0.1303409583826158
1114.0	5.225999999999999	0.1262563529754707
1116.0	5.221	0.1166407378594419
1118.0	5.202	0.131281809784322
1120.0	5.204	0.1356977396392802
1122.0	5.207000000000001	0.1239603680194044
1124.0	5.187	0.1226999753488864
1126.0	5.163	0.1225036154669286
1128.0	5.175	0.1272135368214298
1130.0	5.149	0.1217620630574236
1132.0	5.139	0.1214057577905239
1134.0	5.1370000000000005	0.1181704147135832
1136.0	5.128	0.1275037641661737
1138.0	5.135	0.1269742853329068
1140.0	5.113	0.1246611208907106
1142.0	5.1160000000000005	0.1224273026920238
1144.0	5.118	0.1208617208033856
1146.0	5.097	0.119818381079217
1148.0	5.093	0.1198805990337524
1150.0	5.08	0.1113999578872627
1152.0	5.077	0.1093089403683178
1154.0	5.073	0.1151279481465922
1156.0	5.0600000000000005	0.1116820884873169
1158.0	5.052	0.1186929850132602
1160.0	5.058	0.1124647544240162
1162.0	5.039	0.1135945790742749
1164.0	5.029	0.1164416878384484
1166.0	5.027	0.1131810523775245
1168.0	5.013999999999999	0.1119514886121178
1170.0	5.011	0.1080864994253431
1172.0	5.015	0.10801645965109
1174.0	5.007000000000001	0.1085317271698426
1176.0	4.988	0.1124751824478035
1178.0	5.007000000000001	0.1116860679663216
1180.0	4.993	0.1126848549859737
1182.0	4.985	0.1117676160611829
1184.0	4.984	0.1151723346410355
1186.0	4.989	0.1161768553903705
1188.0	4.98	0.115329265610134
1190.0	4.954	0.114969990716848
1192.0	4.945	0.1096612066635852
1194.0	4.952	0.1131090373090835
1196.0	4.95	0.1106396664965561
1198.0	4.942	0.1118808890442568
1200.0	4.928	0.1093283648374233
1202.0	4.909	0.1055715777313732
1204.0	4.902	0.1042231698606526
1206.0	4.901	0.1027313408608185
1208.0	4.9030000000000005	0.1048513350851376
1210.0	4.902	0.1052968760161736
1212.0	4.901	0.1056240713305658
1214.0	4.897	0.1042965856477468
1216.0	4.906	0.1015955428204783
1218.0	4.894	0.1063768052319584
1220.0	4.895	0.1029046064308655
1222.0	4.904	0.1046795226829764
1224.0	4.9	0.1071483337812527
1226.0	4.889	0.0997775303139718
1228.0	4.893	0.1036165771569801
1230.0	4.89	0.0997764167192496
1232.0	4.897	0.099164783673377
1234.0	4.88	0.0986986935008027
1236.0	4.889	0.0995226880268953
1238.0	4.89	0.0967100796513621
1240.0	4.882000000000001	0.1004974049170511
1242.0	4.901	0.1032031437936308
1244.0	4.886	0.0984871991431461
1246.0	4.869	0.0984119585225642
1248.0	4.876	0.098295598535021
1250.0	4.856	0.0979914332360452
1252.0	4.874	0.0967671253226522
1254.0	4.872	0.0961335233983841
1256.0	4.874	0.09595999680937
1258.0	4.877000000000001	0.0994920432329474
1260.0	4.852	0.0900259221928143
1262.0	4.85	0.0900486836777681
1264.0	4.855	0.0905526243561044
1266.0	4.843	0.0923015722884155
1268.0	4.863	0.091103251693536
1270.0	4.852	0.0948743158208224
1272.0	4.845	0.0911841170921589
1274.0	4.862	0.0916855872729202
1276.0	4.839	0.0896025517714233
1278.0	4.849	0.0918405757714132
1280.0	4.835999999999999	0.0891238561126876
1282.0	4.849	0.0950987790551372
1284.0	4.843	0.0947066947194938
1286.0	4.831	0.0904352984728671
1288.0	4.827	0.0948762677008298
1290.0	4.829	0.0926678656996767
1292.0	4.829	0.0938127896726924
1294.0	4.815	0.0982649479723061
1296.0	4.807	0.0949847291170118
1298.0	4.818	0.0971228063133106
1300.0	4.811	0.0975391026368904
1302.0	4.805	0.0936488054671927
1304.0	4.803	0.0941654703299946
1306.0	4.803	0.097936613413542
1308.0	4.791	0.0970062999099658
1310.0	4.764	0.0989767400035403
1312.0	4.779999999999999	0.0959623125612276
1314.0	4.753	0.0960691623291121
1316.0	4.749	0.097471109996504
1318.0	4.746	0.095967587120745
1320.0	4.732	0.0951452430968075
1322.0	4.713	0.0982129206254339
1324.0	4.713	0.0963644061125895
1326.0	4.7170000000000005	0.0990633916013151
1328.0	4.691	0.0894403725781237
1330.0	4.689	0.0927289958247509
1332.0	4.684	0.0983926374842706
1334.0	4.689	0.0975288497994816
1336.0	4.664	0.0960552824364731
1338.0	4.665	0.0954002614071011
1340.0	4.640000000000001	0.0966338386148045
1342.0	4.635	0.1000464089841173
1344.0	4.641	0.099185323486198
1346.0	4.625	0.0993163047795362
1348.0	4.592	0.100192530709013
1350.0	4.601	0.097070548355434
1352.0	4.572	0.0998514946691051
1354.0	4.556	0.0996326586349407
1356.0	4.556	0.0987470893460714
1358.0	4.545	0.1063997818618388
1360.0	4.532	0.1040566085252531
1362.0	4.509	0.1032709489105669
1364.0	4.506	0.108204995206572
1366.0	4.508	0.1040576763146285
1368.0	4.501	0.1063040131409748
1370.0	4.476	0.1137011460684717
1372.0	4.444	0.1082804999372772
1374.0	4.41	0.1084306685239153
1376.0	4.382	0.1104958521091779
1378.0	4.379	0.1020984758232566
1380.0	4.343	0.116977786220871
1382.0	4.331	0.115235025539595
1384.0	4.261	0.1339544790932196
1386.0	4.176	0.1234531950093827
1388.0	4.131	0.1287513634112156
1390.0	4.0200000000000005	0.1339254445255196
1392.0	3.949	0.1356179273629493
1394.0	3.882	0.1242218246863049
1396.0	3.781	0.1156527369133803
1398.0	3.616	0.1512736870544965
1400.0	3.33	0.166136341450681
1402.0	3.364	0.1480911464413757
1404.0	3.099	0.19523079093318
1406.0	3.5620000000000003	0.2343999721390245
1408.0	3.247	0.2153810290028372
1410.0	3.136	0.1862026852652775
1412.0	2.869	0.2066207212478447
1414.0	2.934	0.1717427016078282
1416.0	2.717	0.3723526139773997
1418.0	2.756	0.2141698727062234
1420.0	3.124	0.2439876209640019
1422.0	2.716	0.2472823718516373
1424.0	3.0325	0.1361723785011726
1426.0	3.155	0.1616298366070841
1428.0	2.8920000000000003	0.328501110487981
1430.0	2.87	0.3195660251723333
1432.0	3.326	0.3446697112839235
1434.0	3.1015	0.2764808613026709
1436.0	3.217	0.2679911379131778
1438.0	2.785	0.3497841620199519
1440.0	2.951	0.2823570158062305
1442.0	2.464	0.4568139227300323
1444.0	3.15	0.3057771630933018
1446.0	3.3125	0.4164475757323281
1448.0	3.0195	0.2315439685567299
1450.0	2.6735	0.2847248671963867
1452.0	3.45	1.2027088500348846
1454.0	2.276	0.6169873458167187
1456.0	2.692	0.198963983340369
1458.0	3.1295	0.2106222922674614
1460.0	2.9055	0.2379563707384191
1462.0	2.785	0.3381049541192795
1464.0	2.8025	0.2721258899847644
1466.0	3.1355	0.2763998713619253
1468.0	2.457	0.3299101203358273
1470.0	3.0	0.2214651214074126
1472.0	3.093	0.3265356029593097
1474.0	3.185	0.405068017455627
1476.0	3.214	0.2871677790653633
1478.0	3.1785	0.1838844746029419
1480.0	2.8345	0.3453154355078846
1482.0	2.844	0.5952738165471977
1484.0	3.311	0.1374647591202923
1486.0	2.3905000000000003	0.2881211647129651
1488.0	2.909	0.3446799094812461
1490.0	3.077	0.3182622181569354
1492.0	3.06	0.3364915202644438
1494.0	3.404	0.3560515236591469
1496.0	3.342	0.2639435966683454
1498.0	2.385	0.4531779451826844
1500.0	3.0415	0.2597375779031597
1502.0	3.2155	0.2786819143306577
1504.0	2.7060000000000004	0.2665430963694655
1506.0	3.0540000000000003	0.2813381165119101
1508.0	3.253	0.3266105393958444
1510.0	3.518	0.2736717868425246
1512.0	2.991	0.2783633217377765
1514.0	3.243	0.2497754547143849
1516.0	3.079	0.3448162151381838
1518.0	3.067	0.2360857241253746
1520.0	3.297	0.147269049156658
1522.0	3.335	0.2801932313843079
1524.0	3.411	0.2158673003445049
1526.0	3.475	0.1462986122648375
1528.0	3.392	0.1323872919193092
1530.0	3.112	0.2069522514373786
1532.0	3.575	0.2207004002412925
1534.0	3.3075	0.2376954130289434
1536.0	3.394	0.1667178439944953
1538.0	3.512	0.273212349015049
1540.0	3.565	0.2482415689267409
1542.0	3.2390000000000003	0.230927598081207
1544.0	3.365	0.2249204523304699
1546.0	3.711	0.2031222948537817
1548.0	3.298	0.1679010584603288
1550.0	3.526	0.1642126745081992
1552.0	3.556	0.1649723508446487
1554.0	3.31	0.0757223648812546
1556.0	3.492	0.1927291965683366
1558.0	3.58	0.1840006038637434
1560.0	3.2960000000000003	0.1838985227419369
1562.0	3.451	0.2158003192253842
1564.0	3.587	0.1679771442418708
1566.0	3.685	0.1547179831854968
1568.0	3.475	0.1949066886588314
1570.0	3.622	0.1620798461968973
1572.0	3.56	0.1712126682748031
1574.0	3.566	0.1789521627229183
1576.0	3.784	0.1463153199070629
1578.0	3.651	0.1587043217067357
1580.0	3.713	0.1460609546358498
1582.0	3.802	0.1342315118198111
1584.0	3.637000000000001	0.1267009700139235
1586.0	3.815	0.1606582140084816
1588.0	3.658	0.14078825708607
1590.0	3.878	0.1472869040300781
1592.0	3.689	0.1436747870868248
1594.0	3.927	0.1486079438914835
1596.0	3.966	0.1594817997278824
1598.0	3.802	0.1597219806761458
