nm	mua[cm-1]	mua_std[cm-1]
250	11.214965825016975	0.21198672805641264
252	9.140240138654638	0.24141721103855793
254	7.151700926473824	0.25483805690707007
256	5.550904838059501	0.26023105884849773
258	4.201582904580892	0.2697649503218226
260	3.1750959257475833	0.2706845926420845
262	2.414104731639612	0.2630194114118232
264	1.8547411766339057	0.27340476045002055
266	1.4338196625883943	0.2912955833811155
268	1.1268398558107764	0.2978245066769722
270	0.9044119171225662	0.29705998404388345
272		
274		
276		
278		
280		
282		
284		
286		
288		
290		
292		
294		
296		
298		
300		
302		
304		
306		
308		
310		
312	0.10676257991341755	0.03504373583855921
314	0.10303875138271944	0.024696222818198076
316	0.08157519966197826	0.022184582581582044
318	0.06726879676834906	0.017388582615348435
320		
322		
324		
326	0.04586354837724638	0.012207284378326624
328		
330		
332	0.024695726080880987	0.006118158981169287
334		
336		
338		
340		
342		
344		
346		
348		
350		
352		
354		
356		
358		
360		
362		
364		
366		
368		
370		
372		
374		
376		
378		
380		
382		
384		
386		
388		
390		
392		
394		
396		
398		
400		
402		
404		
406		
408		
410		
412		
414		
416		
418		
420		
422		
424		
426		
428		
430		
432		
434		
436		
438		
440		
442		
444		
446		
448		
450		
452		
454		
456		
458		
460		
462		
464		
466		
468		
470		
472		
474		
476		
478		
480		
482		
484		
486		
488		
490		
492		
494		
496		
498		
500		
502		
504		
506		
508		
510		
512		
514		
516		
518		
520		
522		
524		
526		
528		
530		
532		
534		
536		
538		
540		
542		
544		
546		
548		
550		
552		
554		
556		
558		
560		
562		
564		
566		
568		
570		
572		
574		
576		
578		
580		
582		
584		
586		
588		
590		
592		
594		
596		
598		
600		
602		
604		
606		
608		
610		
612		
614		
616		
618		
620		
622		
624		
626		
628		
630		
632		
634		
636		
638		
640		
642		
644		
646		
648		
650		
652		
654		
656		
658		
660		
662		
664		
666		
668		
670		
672		
674		
676		
678		
680		
682		
684		
686		
688		
690		
692		
694		
696		
698		
700		
702		
704		
706		
708		
710		
712		
714		
716		
718		
720		
722		
724		
726		
728		
730		
732		
734		
736		
738		
740		
742		
744		
746		
748		
750		
752		
754		
756		
758		
760		
762		
764		
766		
768		
770		
772		
774		
776		
778		
780		
782		
784		
786		
788		
790		
792		
794		
796		
798		
800		
802		
804		
806		
808		
810		
812		
814		
816		
818		
820		
822		
824		
826		
828		
830		
832		
834		
836		
838		
840		
842		
844		
846		
848		
850		
852		
854		
856		
858		
860		
862		
864		
866		
868		
870		
878		
886		
892		
894		
896		
898		
900		
902		
904		
906		
908		
910		
912		
914		
916		
918		
920		
922		
924		
926		
928		
930		
932		
934		
936		
938		
940		
942		
944		
946		
948		
950		
952		
954		
956		
958		
960		
962		
964		
966	0.010443865179062733	0.0
968	0.010443865179062733	0.0
970	0.010443865179062733	0.0
972	0.010443865179062733	0.0
974	0.010443865179062733	0.0
976	0.010443865179062733	0.0
978	0.010443865179062733	0.0
980	0.010443865179062733	0.0
982		
984	0.010454784015531675	1.820572325369732e-15
986		
988	0.020920509722240632	0.0
990		
992		
994	0.02094241603114292	2.577378310792206e-15
996	0.027932979056125996	0.006056121704786801
998	0.03143009397199028	1.820572325369732e-15
1000	0.03143009397199028	1.820572325369732e-15
1002	0.03844142423894721	0.006041335219981789
1004	0.03146305689364948	0.0
1006	0.03844142423894721	0.006041335219981789
1008	0.038468311120582424	0.006068853565413543
1010	0.04197277935340146	1.8301442093096357e-15
1012	0.04197277935340146	1.8301442093096357e-15
1014	0.04197277935340146	1.8301442093096357e-15
1016	0.04197277935340146	1.8301442093096357e-15
1018	0.03146305689364948	0.0
1020	0.034952849286422956	0.006043443152717301
1022	0.04192878260035704	1.820572325369732e-15
1024	0.03143009397199028	1.820572325369732e-15
1026	0.03143009397199028	1.820572325369732e-15
1028	0.02094241603114292	2.577378310792206e-15
1030	0.031397200046675296	1.824389038840108e-15
1032	0.020920509722240632	0.0
1034	0.020920509722240632	0.0
1036	0.020920509722240632	0.0
1038		
1040		
1042		
1044	0.010454784015531675	1.820572325369732e-15
1046	0.020920509722240632	0.0
1048	0.020920509722240632	0.0
1050	0.020920509722240632	0.0
1052	0.020920509722240632	0.0
1054	0.024411520405278317	0.0060476634342485295
1056	0.031397200046675296	1.824389038840108e-15
1058	0.031397200046675296	1.824389038840108e-15
1060	0.031397200046675296	1.824389038840108e-15
1062	0.031397200046675296	1.824389038840108e-15
1064	0.031397200046675296	1.824389038840108e-15
1066	0.020920509722240632	0.0
1068	0.020920509722240632	0.0
1070	0.020920509722240632	0.0
1072	0.020920509722240632	0.0
1074		
1076	0.020898649194594644	1.820572325369732e-15
1078	0.020898649194594644	1.820572325369732e-15
1080	0.010443865179062733	0.0
1082	0.010443865179062733	0.0
1084	0.010443865179062733	0.0
1086	0.010443865179062733	0.0
1088	0.010443865179062733	0.0
1090	0.010443865179062733	0.0
1092	0.010443865179062733	0.0
1094	0.010443865179062733	0.0
1096	0.010443865179062733	0.0
1098	0.010443865179062733	0.0
1100	0.020898649194594644	1.820572325369732e-15
1102		
1104		
1106	0.020920509722240632	0.0
1108	0.031397200046675296	1.824389038840108e-15
1110	0.02443708669400432	0.00605400491984979
1112	0.03143009397199028	1.820572325369732e-15
1114	0.038468311120582424	0.006068853565413543
1116	0.05249355886143678	0.0
1118	0.05254872838358697	2.586881478359906e-15
1120	0.06315810468123853	0.0
1122	0.07732903208849455	0.006111682454371133
1124	0.09508787969026963	1.8301442093096357e-15
1126	0.10948370000104626	0.006150748606424094
1128	0.12752563897391234	0.0
1130	0.15641982625530093	0.006205843094119593
1132	0.17838503702174524	0.006124649248828779
1134	0.20419839008742963	1.889758027202458e-15
1136	0.23022599588315776	0.006159497893203339
1138	0.26003632028728874	1.91050180357131e-15
1140	0.28293508642612086	1.92104541175879e-15
1142	0.3093968353482931	0.006403145314488077
1144	0.3325722175648235	0.006225919509593022
1146	0.3556745208208653	0.006239376107956695
1148	0.3789307499936965	0.006252891002054242
1150	0.3987239124737711	1.889758027202458e-15
1152	0.4298549872666459	0.006558314303554632
1154	0.45394698479705803	0.009119727830475639
1156	0.4860769906537681	0.006321353312295713
1158	0.5264373348542203	0.006687454855478862
1160	0.5679042855520733	0.009282561817368485
1162	0.621981862638651	0.006819097667594586
1164	0.6816883071676079	0.009446619886732784
1166	0.7428097754615484	0.009541534652568245
1168	0.8130088599753971	0.009639111965381558
1170	0.8759805931798575	0.009730804565054237
1172	0.9264401939808897	0.007247074508657008
1174	0.9599980858151299	0.009865382407132276
1176	0.9911487684798903	2.0028390599004175e-15
1178	0.9873122059927758	0.006646396038254124
1180	0.9646026618756222	0.0
1182	0.9271812224264984	0.006610880944919943
1184	0.8680431621655325	0.0
1186	0.8004270767353673	1.9688542342233744e-15
1188	0.717779410393047	0.009518028887451464
1190	0.6439005405987276	0.0
1192	0.5642230780744648	0.009284173897391237
1194	0.48278785994135437	0.009173549369866432
1196	0.4185021005222016	0.006550872948445632
1198	0.3558049992941704	0.006467702791518965
1200	0.30200585201110086	0.006398414508935274
1202	0.252995062062719	0.0063398638637217385
1204	0.21915732531727022	0.006291503115033703
1206	0.1859188339051067	0.0062506344553194685
1208	0.1602313077214864	0.008722540779695757
1210	0.1383736820453427	1.8398172759550357e-15
1212	0.12031284546756187	0.008668162445194132
1214	0.10593319401664938	2.6075167578116604e-15
1216	0.08456710018223397	0.0
1218	0.08088667276500001	0.006066727872395885
1220	0.06674888650623743	0.006105219624845889
1222	0.06315810468123853	0.0
1224	0.05260401399180277	0.0
1226	0.06309169193264944	1.824389038840108e-15
1228	0.05254872838358697	2.586881478359906e-15
1230	0.05254872838358697	2.586881478359906e-15
1232	0.05254872838358697	2.586881478359906e-15
1234	0.05254872838358697	2.586881478359906e-15
1236	0.056061814665987114	0.006085912886749912
1238	0.05610112890766788	0.006056121704786801
1240	0.05260401399180277	0.0
1242	0.05260401399180277	0.0
1244	0.05260401399180277	0.0
1246	0.05260401399180277	0.0
1248	0.05260401399180277	0.0
1250	0.05260401399180277	0.0
1252	0.05260401399180277	0.0
1254	0.04557413672514046	0.006085912886749912
1256	0.04206105044273977	1.8340012044820473e-15
1258	0.04554220518243966	0.00858121840800006
1260	0.04201686853700192	1.824389038840108e-15
1262	0.034989538846152926	0.00604977578612916
1264	0.04197277935340146	1.8301442093096357e-15
1266	0.03146305689364948	0.0
1268	0.03146305689364948	0.0
1270	0.0314410739355704	0.008557201128799109
1272	0.027942735610580232	0.006041335219981789
1274	0.027942735610580232	0.006041335219981789
1276	0.024454160658055547	0.006043443152717301
1278	0.03143009397199028	1.820572325369732e-15
1280	0.03143009397199028	1.820572325369732e-15
1282	0.03143009397199028	1.820572325369732e-15
1284	0.034928432296980755	0.006060359718575154
1286	0.034928432296980755	0.006060359718575154
1288	0.03844142423894721	0.006041335219981789
1290	0.03146305689364948	0.0
1292	0.03146305689364948	0.0
1294	0.04197277935340146	1.8301442093096357e-15
1296	0.04197277935340146	1.8301442093096357e-15
1298	0.04197277935340146	1.8301442093096357e-15
1300	0.04547847614653428	0.006073109423452941
1302	0.04900254817839844	0.0060476634342485295
1304	0.04201686853700192	1.824389038840108e-15
1306	0.049036875845299546	0.006081639071519588
1308	0.049036875845299546	0.006081639071519588
1310	0.049036875845299546	0.006081639071519588
1312	0.05253032566248634	0.008578235299796127
1314	0.05953440802498284	0.0060476634342485295
1316	0.05254872838358697	2.586881478359906e-15
1318	0.056061814665987114	0.006085912886749912
1320	0.05610112890766788	0.006056121704786801
1322	0.06315810468123853	0.0
1324	0.05616020376585139	0.006062480950538253
1326	0.06322465739487237	1.8398172759550357e-15
1328	0.06679581874929202	0.006068853565413543
1330	0.06684281703669968	0.008617522546177564
1332	0.07393098275388824	0.008623622423670811
1334	0.08111488664905098	0.00613332438940873
1336	0.09539023046758612	1.8535326337097583e-15
1338	0.11700186654370742	0.008685039848838989
1340	0.15310963155334803	0.006120320874802208
1342	0.18250640761197479	0.0
1344	0.22691411202070536	1.8594734434331877e-15
1346	0.2721997123408775	2.6805401873464257e-15
1348	0.32933821671248875	2.7029565861653214e-15
1350	0.3878602503515642	0.0
1352	0.4547932452213028	0.006312138511548028
1354	0.5077232537342325	2.7792126510655396e-15
1356	0.5689816660360666	2.8036189264936093e-15
1358	0.6187540371808753	0.0
1360	0.6453852113757093	1.9424856507293123e-15
1362	0.6715485602564347	0.0
1364	0.6899287148695156	0.006950444653165244
1366	0.7157019250125177	0.006984075836971875
1368	0.7182172768742923	0.007009513587895691
1370	0.7364328813049035	0.0065409773699727294
1372	0.7474968964504332	0.0065657725836572355
1374	0.7674781177668407	0.009707007728619493
1376	0.7962819989558051	0.007177997544835387
1378	0.8348206433693898	0.009851160060058374
1380	0.8739889879258075	0.009933318106420648
1382	0.9180754925312286	0.0
1384	0.9613307998595214	0.0
1386	0.9921389328479816	0.0
1388	1.0207859607271692	0.0
1390	1.0391400347187982	0.006837942390717642
1392	1.042220122288114	0.01020316995727135
1394	1.0352637391476909	0.006813732523874032
1396	1.0053745996805763	0.0067896934832174785
1398	0.970681644352231	2.0380177319127202e-15
1400	0.9306202970437824	0.007376707016902806
1402	0.8820364840764746	0.009887862749372337
1404	0.8259927304403072	0.009793656678463568
1406	0.7744785162433774	0.009695898421769263
1408	0.7201859240348829	0.009601938794033236
1410	0.6751982133776449	0.00951776019308886
1412	0.6314645568457112	0.00944246876657532
1414	0.5884050002293334	0.00642690466630436
1416	0.5462108448022521	0.0
1418	0.5009520345987377	0.0063631550608698705
1420	0.4678121453934252	0.006332909716888574
1422	0.43161461156106157	0.009119051844318202
1424	0.3999051935991353	0.009074264668220481
1426	0.37615053945727134	1.889758027202458e-15
1428	0.3528480703204308	1.9533862436065812e-15
1430	0.33715175754910737	0.00645564967412888
1432	0.32538055957776985	0.006230398588377787
1434	0.31389438386160584	0.006223682384364997
1436	0.3134367368933265	0.006412627943608954
1438	0.3057006608467789	0.0
1440	0.2946203273031622	0.0
1442	0.30167652071430034	0.006391331393243636
1444	0.30167652071430034	0.006391331393243636
1446	0.3053672386008142	1.8694598743861047e-15
1448	0.3091717426796187	0.008912048806811975
1450	0.3057006608467789	0.0
1452	0.31679328538963886	1.931706041124821e-15
1454	0.3171397548952794	1.873484545805665e-15
1456	0.3246683120002087	0.00621698064454065
1458	0.33220795391075103	0.0062192129535692114
1460	0.3397587072740439	0.0
1462	0.3437267084034832	0.006225919509593022
1464	0.35129847290999777	0.0
1466	0.3552836590087958	0.006232640545408511
1468	0.36287653769680145	1.8795541501657274e-15
1470	0.3632760493241578	0.0
1472	0.3782349152399861	0.00648222607623046
1474	0.3861483612777954	2.716788406217347e-15
1476	0.3903293735702957	0.006504133712237247
1478	0.4016012139521705	0.006511469201387312
1480	0.40581001628378927	0.006521275630906546
1482	0.4172656265068191	0.006264198219056148
1484	0.4138011863439066	0.006533575283172482
1486	0.42134835651346614	1.889758027202458e-15
1488	0.42134835651346614	1.889758027202458e-15
1490	0.4138011863439066	0.006533575283172482
1492	0.40957578548664375	0.0
1494	0.4016012139521705	0.006511469201387312
1496	0.3861483612777954	2.716788406217347e-15
1498	0.36687900378576127	0.006239376107956695
1500	0.3511699540020515	0.0089635062169975
1502	0.328257043422182	2.694077556519229e-15
1504	0.30167652071430034	0.006391331393243636
1506	0.27895306304042133	0.0063631550608698705
1508	0.2670674786180673	0.0063352260701134795
1510	0.2447926408477984	0.00881943914800392
1512	0.22247060325076307	0.008790614928728414
1514	0.2075951429705391	0.006264198219056148
1516	0.19646997383796305	0.006126815732468266
1518	0.1781943087793477	0.006118158981169287
1520	0.17441267889241321	0.008719591285427949
1522	0.16000341346441188	0.0
1524	0.15983291774811162	2.6229387775627395e-15
1526	0.15267472130788196	0.006196961744433005
1528	0.14909754366286812	1.8398172759550357e-15
1530	0.14909754366286812	1.8398172759550357e-15
1532	0.14909754366286812	1.8398172759550357e-15
1534	0.14909754366286812	1.8398172759550357e-15
1536	0.15267472130788196	0.006196961744433005
1538	0.15625317903080754	0.006199179697813261
1540	0.15625317903080754	0.006199179697813261
1542	0.15630868863674763	0.006105219624845889
1544	0.15630868863674763	0.006105219624845889
1546	0.15983291774811162	2.6229387775627395e-15
1548	0.15983291774811162	2.6229387775627395e-15
1550	0.15625317903080754	0.006199179697813261
1552	0.14909754366286812	1.8398172759550357e-15
1554	0.15262053119270227	0.006100918659982477
1556	0.14909754366286812	1.8398172759550357e-15
1558	0.14909754366286812	1.8398172759550357e-15
1560	0.14909754366286812	1.8398172759550357e-15
1562	0.15983291774811162	2.6229387775627395e-15
1564	0.15983291774811162	2.6229387775627395e-15
1566	0.16000341346441188	0.0
1568	0.16000341346441188	0.0
1570	0.16370472348568205	0.0061138397725689336
1572	0.17094433359300407	1.8437151939125667e-15
1574	0.17825783952600457	0.008733624343913561
1576	0.1892575681881359	0.008747790620998543
1578	0.20029281875572416	0.008762010916155059
1580	0.20766947525198812	0.008771521291365242
1582	0.22231105578912128	0.006280097199306667
1584	0.2370800695179829	1.8535326337097583e-15
1586	0.24470454546225837	0.0061573082387798754
1588	0.2597548640326045	1.8594734434331877e-15
1590	0.2783479899344399	0.006349159851791711
1592	0.2936589480436465	1.92104541175879e-15
1594	0.3089469773181194	0.006199179697813261
1596	0.3390155167568111	1.9360034961662548e-15
1598	0.3547638444270776	0.008961952487247241
1600	0.3740810206616977	1.8795541501657274e-15
1602	0.39379513202698724	0.0062506344553194685
1604	0.4171115808696384	0.006528649858909833
1606	0.42937757739618837	0.006550872948445632
1608	0.45259950048334285	0.006573247846561766
1610	0.45741381320073615	1.9868346381888857e-15
1612	0.4729982384160027	0.006300657721240542
1614	0.4849887375082718	0.006307541178327672
1616	0.4928208842301879	1.9982401183162615e-15
1618	0.4933735980552077	1.9042310099053205e-15
1620	0.50487446188758	2.7635954911940035e-15
1622	0.50487446188758	2.7635954911940035e-15
1624	0.5089014211531867	0.009172723595891068
1626	0.5054416593461826	0.0
1628	0.5131251019062748	0.006656613403415753
1630	0.5175508151189645	2.009777301447418e-15
1632	0.5295023174523031	0.009206178269031307
1634	0.5380270599297632	0.0066952099248889785
1636	0.558214287573453	0.009247181593083199
1638	0.5828361411446117	0.009279647107813427
1640	0.6080900459560598	0.006787032945018726
1642	0.6458786851846882	0.009372770181256602
1644	0.689131552766177	0.006903351166078219
1646	0.749428769798909	0.006984075836971875
1648	0.8208728004801283	0.007089851852512398
1650	0.9082671927528202	0.009781334779269946
1652	1.0181024138100179	0.009965621387541222
1654	1.1582493830076936	0.01020867898632487
1656	1.3301662154328942	0.01053068629937785
1658	1.525750672389226	0.010938044276998606
1660	1.7690332477805044	0.007351658775758824
1662	2.054748617686715	0.012073624635549406
1664	2.381640532389339	0.012836214599669346
1666	2.7686427685224513	0.01375677409916432
1668	3.19148416801213	0.019350593934133284
1670	3.6778404114047567	0.02083416077774123
1672	4.1995194007440695	0.02252424661557208
1674	4.746712219458547	0.019576291375893697
1676	5.294939639659506	0.02152119454092081
1678	5.800076026665162	0.03726769510549817
1680	6.232817287057963	0.025261151542422977
1682	6.534898100120286	0.026635893690951602
1684	6.618946370558412	0.024224486819144624
1686	6.507679575910837	2.6091633167536407e-15
1688	6.23303607192681	0.0
1690	5.827171192088204	0.011895953348687514
1692	5.347788647884838	1.7164370247075571e-15
1694	4.885612532685908	1.6327083893559696e-15
1696	4.479988583398056	0.010303693084883415
1698	4.120131742095687	0.00983002728472633
1700	3.847012503630929	0.016775032173207787
1702	3.6544427742659216	0.009125662842828128
1704	3.5462155512689013	0.008900569411968269
1706	3.5003902806998397	0.01245183901918693
1708	3.5379309756384334	0.01246079717675469
1710	3.6405235587305365	0.015462899920591487
1712	3.828536617216177	0.015978879873512566
1714	4.0868572280820645	0.021297527317411285
1716	4.403474196628473	0.030891567708886056
1718	4.778661352782102	0.03841726971695423
1720	5.223650058800518	0.041736632749580956
1722	5.688999982836727	0.03948935694289689
1724	6.187463111622453	0.04552696089618543
1726	6.682614313423678	0.024326556286080082
1728	7.113847681097263	0.02959421911544184
1730	7.4851631582742	2.0380177319127202e-15
1732	7.727912436198707	0.0
1734	7.796467306821154	0.013934439320747399
1736	7.746552851519442	0.03305268668748275
1738	7.5191660485165706	0.013542226798818623
1740	7.200408490273536	0.013131545167315406
1742	6.8299480909592685	0.012624277023096056
1744	6.447891038783321	0.02601140224800041
1746	6.044694142495284	0.011554708522807884
1748	5.663347381841676	0.022377656917719806
1750	5.316061267054281	0.02088345448583042
1752	4.9819796689818885	0.019563003723452703
1754	4.651539045201554	0.01840963943340947
1756	4.334331500648425	0.01738980958447002
1758	4.030907500477023	0.013692101245603968
1760	3.7148675446631483	0.0
1762	3.40151453221218	0.008595785645503846
1764	3.102424709809504	0.014102438658726648
1766	2.811552427550966	0.008101266639704298
1768	2.5678639815889923	1.534803477119456e-15
1770	2.324956568844898	0.013297872340425723
1772	2.1225336875108844	0.011944326518948483
1774	1.9558378326348032	0.00736103190636965
1776	1.819037585844095	0.007237989166605846
1778	1.705871259989037	0.0071483731224464666
1780	1.6256702838910477	0.007081156204287731
1782	1.5706465200405597	0.00822826986968658
1784	1.5226388681468146	0.010759054272781631
1786	1.5152785980255337	0.012121212121211433
1788	1.5193181860424942	0.00699535867354111
1790	1.5408326030928226	0.008173906595417767
1792	1.564521768155376	0.010811318851419446
1794	1.6122746494116669	0.010872113996494286
1796	1.6420101568075978	0.0070695951329347965
1798	1.6671909498888167	0.0
1800	1.7008150189945266	0.0
1802	1.7110434334088291	0.011065377463005482
1804	1.722366109089795	0.0
1806	1.7288171653332147	0.007142477556985671
1808	1.7288171653332147	0.007142477556985671
1810	1.7125813724969932	0.00846968610058203
1812	1.7038648501367688	0.01104709111852923
1814	1.6757647273474712	0.0071073073761542
1816	1.6422995882196103	0.007089851852512398
1818	1.6110509525595997	0.007060949072844594
1820	1.5658970542661703	0.0
1822	1.5105782454125554	0.008139336501732982
1824	1.4548338108591699	0.010639763831421564
1826	1.3930333195666427	0.00690885842668041
1828	1.3144022844087813	0.006859607158689208
1830	1.240897179710413	0.010280190202705267
1832	1.16078171510765	0.006755268360252648
1834	1.090207630428325	0.010036367192589237
1836	1.0148065831044704	0.01368784002411409
1838	0.9573043616688753	0.0066159312741359
1840	0.898140985004311	0.007201874459746465
1842	0.860831112327054	0.007142477556985671
1844	0.8249669663510331	1.9688542342233744e-15
1846	0.8066994221708832	0.007063828742123894
1848	0.7935398085170905	0.007046585872940515
1850	0.7929195688752372	0.006504133712237247
1852	0.7976089845650999	0.0
1854	0.8107785574507776	1.9644098680061666e-15
1856	0.8325056022150257	0.006526189930553049
1858	0.8467957427337606	0.01395795600070129
1860	0.8780340168710519	0.009709781534970695
1862	0.9106227840036399	0.014421738614228994
1864	0.9523384683989713	0.014224068694352282
1866	0.9957867827711562	0.009903741155463525
1868	1.0484624462566432	2.014429563719286e-15
1870	1.0946818546984625	0.010077842911726845
1872	1.152978359268843	2.0380177319127202e-15
1874	1.203865002240508	0.0067976876278209525
1876	1.2500542668524606	0.006829853342148182
1878	1.2986642277553773	0.007798517818859877
1880	1.3211572376780256	0.010425117586846142
1882	1.3551986017174924	0.007880121963461231
1884	1.3660464073230456	0.0
1886	1.3739986940244298	0.0068841447041694155
1888	1.363721422196823	0.010462746161774113
1890	1.347783462520596	0.010436709816842476
1892	1.3268376733714453	0.024833861940688397
1894	1.29592829045594	0.032458768023310096
1896	1.2618769283280786	0.019126846801519715
1898	1.232004337861572	0.01905381907772642
1900	1.2112062587547983	0.015592810895961906
1902	1.18663705021977	0.01399924663117646
1904	1.177830356563835	0.013995586875248519
1906	1.1827239216235663	0.01669833164088489
1908	1.1837075239384098	0.022910724967842074
1910	1.2057777160794652	0.020250003070949034
1912	1.222097803797354	0.02033085933875693
1914	1.2414165227468341	0.013351134846462137
1916	1.2652836672140917	0.01411500836694833
1918	1.2858645110295213	0.010342817259554033
1920	1.307673237373712	0.014200105725812207
1922	1.3223199411961184	0.01927498903189857
1924	1.3358792653074814	0.01928791831818695
1926	1.3409709949031938	0.019671517486471196
1928	1.3189200165841066	0.02753508927559832
1930	1.3155783761253044	0.02746462414039272
1932	1.2864058263941476	0.033833810280873546
1934	1.2658147114071188	0.032314982023623054
1936	1.2393417578532173	0.0415407873277757
1938	1.203773247836577	0.041298823381669236
1940	1.177830356563835	0.03320999032631757
1942	1.1385718546697359	0.028381876842667436
1944	1.1074787918890754	0.026579184167988632
1946	1.073765156543234	0.023782881564056946
1948	1.0459098887879765	0.025028739539922525
1950	1.0131666636724523	0.029675544511704784
1952	0.9937819017314017	0.0361017735325428
1954	0.983346265116839	0.0353324313824246
1956	0.961894351699519	0.03440991920846241
1958	0.9473826100120342	0.03202530650224468
1960	0.9413082222721509	0.0341734380395188
1962	0.9371267461501759	0.03139933006079975
1964	0.9234878958435083	0.031333966130641
1966	0.9212859996729977	0.022580174857701408
1968	0.904301837384153	0.016867450867093018
1970	0.8839182999736618	0.015788267979543674
1972	0.8749395257377693	0.009719188338913451
1974	0.8735552814421221	0.018040699293417065
1976	0.8652976426574482	0.00969939024737744
1978	0.8680525517090572	0.013398514810765183
1980	0.8594727322492876	0.009678007131725438
1982	0.8632498805472635	0.009676336560771553
1984	0.8556941567272847	0.00713071555195051
1986	0.8546824618601206	0.007121919439016361
1988	0.856031921130109	0.015698327325396926
1990	0.860491114675815	0.009689523921985823
1992	0.860491114675815	0.009689523921985823
1994	0.8776866593153838	0.009705923038309885
1996	0.891149348458471	0.009724077079731797
1998	0.9008665454675094	0.01948798879212723
2000	0.9193186233211571	0.009772348442210988
2002	0.9382500273817004	0.009804828998646504
2004	0.9611233420475424	0.0
2006	0.9849288088233762	0.006631128666036673
2008	1.0135761460109733	0.00736103190636965
2010	1.051891947733914	0.009980362821928122
2012	1.104061308644011	2.021448482059772e-15
2014	1.1457556826156625	0.007563540644406223
2016	1.2052759726941114	0.010223518843126982
2018	1.2713514122666363	0.013422818791945545
2020	1.330779806920212	0.007851544911916494
2022	1.3908298793886833	0.01541463482708402
2024	1.4520715094894778	0.010650919946775842
2026	1.500414079866624	0.00815082732973659
2028	1.5625830545022363	0.008251790412428675
2030	1.612681475961224	0.010934650862127367
2032	1.6641908099989593	0.014924303801117873
2034	1.691197743049539	0.01429674624489395
2036	1.7293645456623266	0.0
2038	1.7431391917303185	0.01670658179907455
2040	1.7553962690428393	0.01437386562297844
2042	1.760343090810799	0.016734917878835402
2044	1.748865783064365	0.019343678013955996
2046	1.7431391917303185	0.022319402245415888
2048	1.725228040949778	0.0163979876121609
2050	1.7115376130319284	0.011097679003358953
2052	1.700212787123028	0.023048847168608628
2054	1.7035714299242377	0.0163085673346039
2056	1.7133513818040038	0.02352899223814229
2058	1.727804414803187	0.023618305012949557
2060	1.7488657830643664	0.014814814814813972
2062	1.7891779276720965	0.011227143555345594
2064	1.8307466339412837	0.00869940134389264
2066	1.8780564562815973	0.011419185158387678
2068	1.9406537315378907	0.01996149941305582
2070	2.0052886154942464	0.017254063090939332
2072	2.0730984291148715	0.02233100718036716
2074	2.1338946786992574	0.021880511814956705
2076	2.1914203188839365	0.016014776653043232
2078	2.2587057782013478	0.00945958933680449
2080	2.3170656334769917	0.020543439546071983
2082	2.3717925722356856	0.018344412430220752
2084	2.403614162617089	0.007630179769026542
2086	2.423277220814218	0.018544982787747154
2088	2.4406505054982195	0.01243809928060785
2090	2.4467870386550774	0.017006802721088076
2092	2.4391331280059543	0.019648903092102554
2094	2.436680198921837	0.012468170676299368
2096	2.418482462724592	0.016527881502062833
2098	2.394331003941532	0.024979797432980504
2100	2.3691848585449207	0.02269846504891235
2102	2.354217875269223	0.02127794723830245
2104	2.3317615847870297	0.020641754280327426
2106	2.302805566293539	0.0181841459147178
2108	2.2719457782102532	0.024296348155956205
2110	2.2663853084380903	0.012117563097315735
2112	2.2652764929845035	0.017824447093840044
2114	2.255450370224379	0.015107290079100758
2116	2.2795651181921865	0.025896263214419478
2118	2.3271616113450073	0.013140604467805704
2120	2.3788637778033004	0.0226505029712418
2122	2.42813385302977	0.016489570392092867
2124	2.5125082516433195	0.012560510793685985
2126	2.5788196202799134	0.010070062834702917
2128	2.6295267283986656	0.01285893716298524
2130	2.6900120380873926	0.013014022326512257
2132	2.7746623305336735	0.01734099653527538
2134	2.8244403859904232	0.013332290904615332
2136	2.900157957980011	0.01398601398601319
2138	2.958607905805227	0.013636964141104633
2140	3.038960661866002	0.01638647878494587
2142	3.0937489706304078	0.014306151645207646
2144	3.1659426982638186	0.01838443361069864
2146	3.2512486993555716	0.021757023996290783
2148	3.326801177301121	0.014478661652029937
2150	3.401134353497311	0.02238356677454268
2152	3.4661753947375344	0.014844571504023202
2154	3.5297492548676748	0.012301497212847312
2156	3.5767946436473776	0.012433961289080414
2158	3.6436003940036303	0.008756576378001915
2160	3.6874311015221815	1.92104541175879e-15
2162	3.739961803835267	0.015630982364317893
2164	3.775940362703812	0.015741712496912388
2166	3.8127551363705137	0.026997328053936523
2168	3.8423397426995876	0.01791159056431002
2170	3.849620833839589	0.02373161934208085
2172	3.8621152914202885	0.015552099533437235
2174	3.8541817616287375	0.020431271532540145
2176	3.848670575130936	0.024642664761878444
2178	3.8410282362033774	0.016009157294220498
2180	3.825407300978	0.01601709187566426
2182	3.8170365960387667	0.016058154819806842
2184	3.831670621507908	0.01612477346259282
2186	3.851360264697387	0.020719315624455198
2188	3.865370982226454	0.02089654160140792
2190	3.924278075768029	0.0165750139025449
2192	3.960348886885288	0.02336513238164318
2194	4.008133005679584	0.00950110152259341
2196	4.054651081081644	0.0220847354846797
2198	4.119908795998715	0.024549515194474777
2200	4.170326170795981	0.009960039146457171
2202	4.270157576324866	0.03093440221890188
2204	4.399200121912146	0.023938436184886946
2206	4.537119416475499	0.024479839628593576
2208	4.684107844563484	0.02001402509167412
2210	4.821645012341282	0.0255900229788529
2212	4.965726052853496	0.02109902923385567
2214	5.118980099277435	0.0216666109206834
2216	5.2488560933428925	0.022261885620375215
2218	5.401400114347657	0.028155530526332465
2220	5.585972850464947	0.023698242491693684
2222	5.786806417153791	0.029842979665735486
2224	6.01314817103171	0.02548578078697124
2226	6.2779199951581806	0.0
2228	6.565130473801647	0.02807420412977061
2230	6.854607476357892	0.03520492353147815
2232	7.142347421800415	0.03973881952352675
2234	7.485246500288991	0.05350613132971981
2236	7.872136895990128	0.057251572144535266
2238	8.291212396181669	0.07020246320772934
2240	8.77524236535996	0.08775294776225376
2242	9.321640810304453	0.06298690320627177
2244	9.904952244661546	0.06242049054582561
2246	10.54098681265938	0.07486620174085738
2248	11.186129553747792	0.15151515151515163
2250	11.92367258205628	0.1952377246309066
2252	12.753158531578409	0.1455504880309982
2254	13.66207602553153	0.1968239554055544
2256	14.515766532103065	0.06438850585757885
2258	15.95049174982001	2.501726319506114e-15
2260	16.982334112172317	0.6185895741317419
2262	18.76316857256118	1.0188534162169862
2264	20.41220328859638	1.7465963334146375
2266	20.243817644968082	2.4958462597671245
2268	19.16922612182061	3.501359103396031
2270	17.49199854809259	4.395123178077332
2272	15.581446180465496	4.698308176672928
2274		
2276		
2278	24.56735772821304	0.49487165930539284
2280	28.332133440562156	0.588235294117647
2282	26.39057329615259	3.499271061118826
2284	25.973846332146906	2.5016508624379634
2286	24.765384001174837	1.738155615750806
2288	22.246235515243338	1.1075466194449664
2290	22.14616320048089	0.9277669140469715
2292	22.487823870010697	1.4312204207613144
2294	22.246235515243335	1.257283382833
2296	21.88960067486326	1.1272640788654484
2298	22.75292950706038	0.6696818820615629
2300	23.025850929940454	0.6890951102757275
2302	22.609911956952086	1.113121784208257
2304	22.673564011103018	1.3341325864288738
2306	22.449559801574093	1.3933935312369037
2308	23.353749158170366	1.4440958171421572
2310	24.397862145075305	1.0304032816282553
2312	24.967411074350032	1.2413673379525214
2314	27.932080094425167	0.2040816326530614
2316	27.408400239252007	2.169564685857194
2318	26.888188391743228	6.548696109487513
2320		
2322	31.20895416507997	10.012967370911294
2324		
2326		
2328		
2330		
2332		
2334		
2336	23.74905754573672	4.348821663944359
2338	25.17696472610991	3.4753479976075075
2340	20.037297199441397	2.530117788410135
2342	20.872236821218905	3.91004581664511
2344	17.635885922613586	1.7348763409440304
2346	16.768791932296327	1.068372655512664
2348	15.92630794117719	0.5034354827213273
2350	15.233352133806887	0.7820500964672681
2352	14.572460970921748	0.5882352941176469
2354	14.527841023887232	0.44470166071903805
2356	13.949374572759105	0.4303075394231618
2358	13.633048428951918	0.32505929968342595
2360	13.213992701800032	0.10498106786871171
2362	12.742981210466661	0.24850835749814426
2364	12.464775926804071	0.13864078633142485
2366	12.136816184528966	0.22330986881706788
2368	11.912485146615621	0.11669770578360505
2370	11.688165473413582	0.12596733145955538
2372	11.44817690488861	0.09122640536126458
2374	11.203051132793695	0.059929666846817234
2376	11.059230261901156	0.09604586468579075
2378	10.695957456890703	0.20797154157914965
2380	10.2528101558256	0.21932594336424752
2382	9.872354248241376	0.19408314743626612
2384	9.426080401915284	0.13081750926780186
2386	8.98512485852871	0.15804117357309222
2388	8.673771032931826	0.1347403580583441
2390	8.321606510302297	0.1302206360561353
2392	8.09527831933602	0.14765960793870378
2394	7.851942077523075	0.07652705824171896
2396	7.605179916750287	0.04834906008762758
2398	7.4467372923460085	0.03715043798836766
2400	7.241918022419056	0.09707858584143218
2402	7.178397931503168	0.07498129175550669
2404	7.074331378074217	0.09177059874594395
2406	7.0451093921026064	0.07798189123199176
2408	6.9739347144139625	0.09507132847565022
2410	6.980924396668007	0.06477196966424988
2412	6.952665737941075	0.06590192307478927
2414	6.981276248640903	0.034856101423060476
2416	7.010071710073222	0.0953502105349203
2418	7.134083656997673	0.08859240885950857
2420	7.225178673559333	0.035980648581686606
2422	7.334812511866464	0.054307404965511175
2424	7.4943580222537465	0.0880982488675011
2426	7.652434843627636	0.11519213965512565
2428	7.7395121297524145	0.10903204993110821
2430	7.869153400124547	0.05481941596248798
2432	8.007778447523107	0.11967766396440675
2434	8.14122557315302	0.08691961411631818
2436	8.25053877457466	0.09493705873403215
2438	8.398812627321538	0.15406606706250975
2440	8.642617956059171	0.11064524782584384
2442	8.84474686689495	0.06981910632671984
2444	9.052408956875698	0.10379874362715011
2446	9.204391591187195	0.13809977342993024
2448	9.46779422953702	0.18918940335174683
2450	9.722170765623837	0.2343133304244973
2452	9.959837280561048	0.32317670400898385
2454	10.29619417181158	0.4284493408692873
2456	10.867215421465879	0.4931980644667038
2458	11.373095786217936	0.4306238671340898
2460	11.986957472250923	0.4469892629046754
2462	12.802950718855692	0.46200048740884025
2464	13.898594272843866	0.2115444121065614
2466	15.26458798972409	0.5326408726343422
2468	16.23136756792262	0.34013605442176875
2470	17.614541197327263	1.0538978042002283
2472	18.923006984499324	2.0279524211558284
2474	20.435486186192293	3.525527864687645
2476	21.266944265303813	2.9617494812867
2478	23.470368555648793	5.171424349447556
2480	23.174737054877962	3.47773482607474
2482	21.972245773362193	1.0229740166395263
2484	22.617630984737904	3.4828448620823362
2486		
2488		
2490		
2492		
2494		
2496		
2498		
2500		
