nm	mua[cm-1]	mua_std[cm-1]
250	19.320830101779563	1.0938533703528885
252	18.962794272235048	1.134865107323201
254	18.786976133751335	0.9230336168860868
256	18.732016032531526	1.026201505772303
258	18.75600428389649	1.0439357600730765
260	18.834064665956806	1.064066042275796
262	19.028415431213247	0.8744855211758029
264	19.190832436020546	1.0326108264988263
266	19.328936823760344	1.080377060885976
268	19.48417936638568	0.8730000552581813
270	19.526421551659592	0.8824207834393507
272	19.73895684720204	1.1414275077761338
274	19.66611818050936	0.9262453107422639
276	19.632430973912832	0.8704586854736099
278	19.47604954490357	1.1274414670132429
280	19.16443245539286	1.0898055854929043
282	18.57300664113922	0.9331111406450161
284	17.969322832308166	0.858432159051786
286	17.215869655908044	0.8430773972939799
288	16.255255623496957	0.8665919199360879
290	15.213187265044034	0.761927773143543
292	14.178523973050183	0.7929815775195929
294	13.150430001540778	0.8453637614016253
296	12.35378901919268	0.7976519033420977
298	11.71281695525632	0.741533014187247
300	11.246717421181131	0.7348994414685596
302	10.913793945868838	0.7280574823872571
304	10.75334593527191	0.6915582400018281
306	10.72756687159224	0.7129789360776431
308	10.811924653905415	0.6738408454124792
310	11.004429152383077	0.6186693937172169
312	11.282044219401817	0.641777512337404
314	11.577777569464688	0.559571420572108
316	11.949695676510801	0.611073896785046
318	12.363873747556505	0.6006569408716168
320	12.785160454571482	0.5561549244971968
322	13.270459642896023	0.5483479743167057
324	13.708373405697564	0.4881511282439939
326	14.252183503223023	0.4423394656477008
328	14.752440992357384	0.44603423016936694
330	15.282662165460232	0.40616315486598475
332	15.791138618712594	0.4634363219741998
334	16.321207933848218	0.4365947162530935
336	16.737762089639446	0.41776688287257413
338	17.228755997438586	0.31890798165407774
340	17.60559206643164	0.37586904110826536
342	18.199505804988537	0.308104526262832
344	18.718491652785776	0.17521083337500196
346	19.215460123645297	0.44522990541081925
348	19.606926638852773	0.484472369612904
350	20.229736056388475	0.10746325740946727
352	20.668224486974182	0.13479472235733966
354	21.26298421412692	0.11899222849502519
356	21.70526103856208	0.09321899575598988
358	22.036887527676768	0.47017122210621015
360	22.47449310514769	0.5648285839435521
362	22.96059225623647	0.08493531596316878
364	23.549215074274002	0.9287911827878694
366	23.94012597262511	0.06298366572977714
368	24.029191120516803	0.7872958216222176
370	24.81344076201408	0.08814072739869455
372	24.667474486781742	0.060987704491861666
374	25.019300589405017	0.061858957413173966
376	25.456542749731256	0.7557140340383242
378	25.618088835191205	0.09425980955754899
380	25.449223244982793	0.09611368607238746
382	26.192124195845455	0.9216300320539419
384	26.4609218167148	0.9141129949118283
386	26.293207825788773	0.10363045697717146
388	26.71487140234365	1.9654214134783272
390	27.281793091813103	0.11354044939698095
392	27.291183004770215	0.08093695362471433
394	28.130141476196012	3.448701019467246e-15
396	27.958564992322675	0.09676261494798165
398	30.322443270559138	2.403703357979454e-15
400	28.720443797570468	2.403703357979454e-15
402	33.04973976720596	0.1455504880309982
404	31.08484393025562	0.2037706832433975
406	31.234468588641104	0.37453913697724134
408		
410		
412		
414		
416		
418		
420		
422		
424		
426		
428		
430		
432		
434		
436		
438	21.9101974725406	0.2869132872568592
440	18.803553868677255	0.3489073838034336
442	16.19513264203051	0.49095042294105484
444	13.844058573761586	0.3453283146949741
446	11.966925458664258	0.31164394121823075
448	10.274657839002012	0.2866760134404091
450	8.863076140117668	0.22185658945669595
452	7.696291394732139	0.19033118768657437
454	6.791165225961779	0.18141410209514428
456	6.047435257251862	0.16119638234076392
458	5.446198966216869	0.137879959137789
460	4.954561562565773	0.09843964926031082
462	4.578761742945988	0.0756470714941124
464	4.301253733935064	0.061898846441678444
466	4.086822566514164	0.05702112986641256
468	3.906744967447119	0.04667905775964944
470	3.7688100942766254	0.048238544416432286
472	3.6574193206878696	0.036826539828836005
474	3.570837797069677	0.04404896161015865
476	3.5059257848598544	0.03872993813699748
478	3.4548420752690805	0.041984229983484604
480	3.416208775215632	0.032981679125474735
482	3.3891602048725766	0.03228640839816586
484	3.379248195842907	0.027621432115457655
486	3.3728697426681706	0.023534449867110493
488	3.3847435887533535	0.033085497168618104
490	3.3996364895738562	0.03680823158948449
492	3.41987901108724	0.036792827547583895
494	3.459644213435326	0.0408437455785704
496	3.4938749052428246	0.044514959042643944
498	3.560009364240086	0.034509510871505125
500	3.6208775678688365	0.03728067319093303
502	3.693318729425316	0.04264406962515235
504	3.7710245445581614	0.0504356904298211
506	3.8528325736516074	0.05360187354549074
508	3.9484053560996473	0.041824448226903246
510	4.038231983091454	0.04890782819207484
512	4.128209635127397	0.034413716778842154
514	4.218500082800756	0.04167557745543426
516	4.323860083539286	0.03685786356498824
518	4.425381328123373	0.03633596232912054
520	4.530189404669742	0.04556841048027183
522	4.64317930940485	0.03940983860724229
524	4.775250049123053	0.04935751900967896
526	4.907891771733591	0.05239935400837914
528	5.06758880968075	0.059238194628422905
530	5.228187074990282	0.050526793109672376
532	5.405646287207918	0.06014260888744366
534	5.595834234994853	0.05034776083323415
536	5.787377930228367	0.06804175537998157
538	5.97898395871616	0.09175416051241851
540	6.183249788406896	0.09849133905700502
542	6.385859023215931	0.09209030497139817
544	6.586097594051796	0.10878572194097703
546	6.751229130549251	0.10110865287798358
548	6.890041509054497	0.09182165443388962
550	7.003781226117394	0.11656380346365565
552	7.068469071307297	0.10485290446870649
554	7.084616498661238	0.1028147013703425
556	7.079808504234677	0.11257649264091008
558	7.007492593661998	0.08878165188992804
560	6.939675371643678	0.12595816005697197
562	6.826033014522843	0.09916358932162844
564	6.690026009407753	0.09757391406477707
566	6.539738712891837	0.10575710241115116
568	6.373409910737006	0.07603843922229724
570	6.1750246744102215	0.07810167779859857
572	5.971336933578062	0.0743611516366078
574	5.767614773311235	0.0806235713731308
576	5.533462926000065	0.07084868486409793
578	5.307032889677266	0.06526451650698896
580	5.080463768598403	0.06350559778023242
582	4.850387460373751	0.06220106628141539
584	4.615200127165797	0.05147105593950179
586	4.375948360940433	0.051582419764084425
588	4.12705417395672	0.04861335150946713
590	3.8681134063777822	0.03319697722103099
592	3.5975355331441805	0.030309180730140713
594	3.310455206322873	0.032435007312651344
596	3.0289071373703265	0.01403031147943934
598	2.768782683015079	0.02804652232648513
600	2.537621511223688	0.0362292903718994
602	2.346008425698588	0.056591747122813944
604	2.172751476122087	0.036079692247306706
606	2.023905646725155	0.011832228493797713
608	1.8981341844264918	0.018729023681857453
610	1.8016524046670994	0.018437267126286478
612	1.7181247181080945	0.022124163539656225
614	1.6504807863283244	0.017449253793850088
616	1.5967038127634776	0.01731011036842067
618	1.5515732480245692	0.024674965542185477
620	1.5106771167403865	0.025212976141005036
622	1.4730708555843768	0.022935925159061014
624	1.442394311530679	0.02490156521648024
626	1.4153574844107093	0.01956486685960011
628	1.3854254527466507	0.01977431846654704
630	1.3674565859292054	0.025084230178217624
632	1.3498738945306268	0.04378438676163578
634	1.3230677909808823	0.03041895237172183
636	1.2929223029127939	0.027859890393043724
638	1.2664994458780372	0.013642564802183005
640	1.2396190844983126	0.018389188390196924
642	1.2129677727854487	0.016344858079210822
644	1.1944240547886587	0.023613194041684223
646	1.167644079976118	0.03388616888090295
648	1.142460638276393	0.024295173934969334
650	1.114809490033523	0.023712532657039265
652	1.0891184964148124	0.022127768451852603
654	1.0619765773626364	0.020129334288280242
656	1.033539172909456	0.020916396575640428
658	1.0061464831305391	0.029327230501334216
660	0.9761260900127174	0.03857442034288803
662	0.9551204762615301	0.03257994339590571
664	0.9264048801606238	0.021434433154967618
666	0.908183709015358	0.012486529479790127
668	0.8837566284575479	0.012728667936814353
670	0.8533927694149476	0.02392394636291009
672	0.8291981752665993	0.030271726707985676
674	0.801026026123307	0.0355699552250033
676	0.7787404950655413	0.030246666092973308
678	0.752281761295118	0.029510099015013447
680	0.7329019799061712	0.029098088015393254
682	0.7082359862953641	0.0365335131669576
684	0.6833637891742014	0.0360418401047145
686	0.6621592275187519	0.02195491279966907
688	0.6391960469459721	0.02043615742287095
690	0.6188841530254546	0.02945014629377058
692	0.6020312051882789	0.028639650097950088
694	0.583893243961854	0.03182373356631557
696	0.5688629633063607	0.04036983234097318
698	0.5613415106318946	0.03246352672437852
700	0.5498746628011109	0.030438575106336498
702	0.5384764303447542	0.029631808181350493
704	0.5172569434681568	0.0292897086354929
706	0.5023214534931334	0.022813673668700414
708	0.49752000035968774	0.019020893867572847
710	0.4927514961377429	0.023946411815088185
712	0.4829392992213044	0.021195253197002464
714	0.47374975953969195	0.025833130840149782
716	0.4631053608896491	0.02982804564598279
718	0.44875807344397506	0.02591441608472226
720	0.4406950885564074	0.020109919702258706
722	0.43742744805174966	0.014878788806074114
724	0.4242919623315417	0.022203053442477933
726	0.421532048223283	0.019032893911971143
728	0.41230279208132986	0.025712984111828756
730	0.4129754232178593	0.031713677793227715
732	0.40627684182056867	0.029391270163014904
734	0.4023995547038397	0.021882904108470266
736	0.40242361501130963	0.016040700177989958
738	0.3985724089588801	0.017514054398950703
740	0.3969004413603116	0.024810401571034625
742	0.39336135617500023	0.018772747522043158
744	0.3908477856724119	0.016042153140765073
746	0.38991293865372595	0.02758766261298562
748	0.394766509913726	0.024934507534671614
750	0.40218680741250257	0.035955035934713026
752	0.40293996015545347	0.050805330958291664
754	0.39953298971155266	0.03632406743721862
756	0.3929281482401145	0.01733748788685311
758	0.3867989370077802	0.02556094937890949
760	0.3855530639477418	0.03070876587182633
762	0.38256588060743385	0.031288535731154046
764	0.3795074846556647	0.03007119454449466
766	0.37780151709117843	0.029622066923358673
768	0.3678792931270423	0.03355956217606321
770	0.3614370086179053	0.0339456444094247
772	0.3568714665492059	0.02800081427567658
774	0.35515362193380834	0.026354001707997215
776	0.34450395716381826	0.03831575030504506
778	0.33368593387498335	0.031222525090946553
780	0.3326623646374201	0.029075848895703017
782	0.33393360050347215	0.030639369909102248
784	0.32046568740343284	0.018454890441500862
786	0.29702051725669515	0.03413232914806437
788	0.28034222018094623	0.03924872393179245
790	0.2836724450924764	0.0448786366405952
792	0.2897046998876599	0.039134495442203425
794	0.2945366147640391	0.028230319666281107
796	0.29143461792123415	0.03557246820784327
798	0.279165584931033	0.0402014422976265
800	0.27150904570932993	0.027324597248377287
802	0.2676624706978657	0.020272718267962807
804	0.2712616289891439	0.03922701584666075
806	0.2737148695359695	0.038125225567440295
808	0.26371820767934256	0.0396126910719524
810	0.2599494525073729	0.041198547982318076
812	0.255311356129812	0.034257633009460005
814	0.251775598664503	0.027530453659183773
816	0.23695910394358957	0.021377734740764483
818	0.2376768999590003	0.027467607723363503
820	0.2385562216565658	0.034027333126028354
822	0.24426507540524933	0.04157402931353292
824	0.24275483603096437	0.0447102936102043
826	0.24316138132917664	0.03176059458358465
828	0.22706539269273499	0.034521262525559995
830	0.21567924648414313	0.04387450192670484
832	0.21157696222917421	0.033884060601482524
834	0.22640996266306987	0.038733679433588505
836	0.23193551039936097	0.05156066361432712
838	0.2258798776855884	0.05137250406410319
840	0.21398108387806647	0.04678663816970979
842	0.2163690300940885	0.03766735471269755
844	0.23623926913677237	0.03682166738785154
846	0.2524474992440356	0.03238510660426047
848	0.25144230938291506	0.05263068908747236
850	0.23889546500538006	0.05954476815047056
852	0.21403422645391165	0.055256886445550844
854		
856	0.2100339843995668	0.04906060675334301
858	0.24881825656269307	0.0725058444558875
860		
862		
864		
866		
868		
870		
878		
886		
892		
894		
896		
898		
900		
902		
904		
906		
908		
910		
912		
914		
916		
918		
920		
922		
924		
926		
928		
930		
932		
934		
936		
938		
940		
942		
944	0.17953177854223068	0.04608390399215497
946	0.19523300686537923	0.03884275311170582
948	0.19146560143198296	0.04838643250849311
950	0.18827032130496058	0.0286578751760621
952	0.18337999733480145	0.02309131917278198
954	0.17864324992328884	0.016991276542279502
956	0.17730498868670885	0.01695121718806209
958	0.17470260490397335	0.012787986484826371
960	0.17343399818264893	0.01110298668043701
962	0.17332554715358686	0.009034408185442483
964	0.1732902079824933	2.7276673333845056e-15
966	0.16708725736237917	0.006431677710986924
968	0.1658121982099325	0.01101676288946354
970	0.17066297924577115	0.008951181607003957
972	0.1693764212489993	3.338780582719128e-15
974	0.16443173811512315	0.00908059640003532
976	0.16556759320029493	0.009021593706246262
978	0.16552564221229887	0.008999663647576381
980	0.1617821144439849	2.7124866761706252e-15
982	0.16054364765160958	0.006434066892900367
984	0.15560809931405414	0.006431677710986924
986	0.15190645170063094	0.006431677710986924
988	0.1567465316632931	0.010934282072460319
990	0.15913516058094843	0.009068892535360543
992	0.15173503634241145	0.006403145314488077
994	0.15050297817524008	3.314284813150103e-15
996	0.14681362159126898	3.832916204677573e-15
998	0.14310785874896823	3.3080412776916744e-15
1000	0.14912286658262694	0.006312138511548028
1002	0.14665213921631337	1.900073300276707e-15
1004	0.14416327434624313	0.006300657721240542
1006	0.14047391776227217	0.006300657721240542
1008	0.13923166921913713	0.008961491206770648
1010	0.13917924297488618	0.008986455625388213
1012	0.14158288969104357	0.006291503115033703
1014	0.14156459151553502	0.006384263942383998
1016	0.13665631055534078	0.006367833851356709
1018	0.1341994426327705	0.006398414508935274
1020	0.1341994426327705	0.006398414508935274
1022	0.13173760106345736	1.900073300276707e-15
1024	0.13051008002828698	0.006377212104450584
1026	0.1292709788518869	0.010992130512795028
1028	0.12803145679045516	0.010943951746838525
1030	0.12676911754429532	0.00897314183700379
1032	0.12676911754429532	0.00897314183700379
1034	0.12673610191357307	0.010944136470012307
1036	0.127934238522075	0.01097618618583074
1038	0.12426024082237763	0.008936883549531845
1040	0.12301805649734933	0.006384263942383998
1042	0.12178963071107403	0.00638191159752682
1044	0.12056165746700248	2.693110208719861e-15
1046	0.12177179846171832	0.006286935780649819
1048	0.12298150028349984	0.006284654599307056
1050	0.11929774536596373	0.010927968596798815
1052	0.118064110947947	0.006293789271688876
1054	0.118064110947947	0.006293789271688876
1056	0.11559392343568044	0.006291503115033703
1058	0.11680450392232296	3.296044247480428e-15
1060	0.11678986226068555	0.00893533773897446
1062	0.11676240194106936	0.0089774338551824
1064	0.11431950258744868	0.0063398638637217385
1066	0.11187345205821854	0.006370175827763976
1068	0.10942247155563288	3.3019478702366523e-15
1070	0.11063129598713328	0.006280097199306667
1072	0.11304982319531182	0.008884627045066951
1074	0.11181397863251248	0.008933524189699551
1076	0.11058301769931415	0.008923674847955679
1078	0.10936402579202444	0.008922030537655262
1080	0.1069055628366075	0.006360818242999555
1082	0.10568164751779635	1.8938706670875547e-15
1084	0.10568164751779635	1.8938706670875547e-15
1086	0.10688915824765903	0.006273273479061132
1088	0.10808209057619929	0.006342185307831485
1090	0.10687545406226952	0.008919012449147288
1092	0.10568164751779635	1.8938706670875547e-15
1094	0.10566838059866	0.008920609543185113
1096	0.10444804987540851	0.008918959241616505
1098	0.10444804987540851	0.008918959241616505
1100	0.10444804987540851	0.008918959241616505
1102	0.10563829375980899	0.008977444708118593
1104	0.10321177312125555	0.008928947769248767
1106	0.10321177312125555	0.008928947769248767
1108	0.1031953924380735	0.0063538180761886455
1110	0.10198875592414376	0.008927288095187268
1112	0.1007816824605342	0.008928883708974674
1114	0.1007816824605342	0.008928883708974674
1116	0.09957417173067139	0.0063538180761886455
1118	0.10079405585529538	0.008975794001414376
1120	0.10200156658515828	0.010950746006501933
1122	0.0995714872249261	0.0063398638637217385
1124	0.0995714872249261	0.0063398638637217385
1126	0.10076618729377447	0.006271002199742139
1128	0.10076618729377447	0.006271002199742139
1130	0.10076618729377447	0.006271002199742139
1132	0.10076618729377447	0.006271002199742139
1134	0.10076618729377447	0.006271002199742139
1136	0.09835160310030211	3.301947870236652e-15
1138	0.09835160310030211	3.301947870236652e-15
1140	0.09835160310030211	3.301947870236652e-15
1142	0.09835160310030211	3.301947870236652e-15
1144	0.09835160310030211	3.301947870236652e-15
1146	0.0995714872249261	0.0063398638637217385
1148	0.0995714872249261	0.0063398638637217385
1150	0.0995714872249261	0.0063398638637217385
1152	0.0995714872249261	0.0063398638637217385
1154	0.0995714872249261	0.0063398638637217385
1156	0.0995714872249261	0.0063398638637217385
1158	0.10201259559717685	2.693110208719861e-15
1160	0.10323114188504179	0.006332909716888574
1162	0.1069072091595365	0.008933738069628073
1164	0.10813067525267493	0.006277820977052479
1166	0.10693468950993529	0.0063468332999955255
1168	0.10817053407273486	0.006277820977052479
1170	0.10820505295715331	0.006284654599307056
1172	0.10821926645418328	0.008943465224983597
1174	0.11312735701513106	2.678337582775801e-15
1176	0.11679237479318655	3.2923530642939547e-15
1178	0.11437341000391299	0.006286935780649819
1180	0.11441739917377869	0.006286935780649819
1182	0.11688080731201778	0.00899722980822042
1184	0.11934287652023168	0.006291503115033703
1186	0.12179385702281735	0.008953331867137912
1188	0.12302002342742357	0.006291503115033703
1190	0.12303291844832435	0.008948284311358348
1192	0.12303291844832435	0.008948284311358348
1194	0.1242306039140661	2.7167684752438874e-15
1196	0.12303291844832435	0.008948284311358348
1198	0.12304670283617562	0.010940042832255213
1200	0.12183524240731014	0.008948338045422326
1202	0.12307565448575385	0.008958274753424544
1204	0.12307565448575385	0.008958274753424544
1206	0.12307565448575385	0.008958274753424544
1208	0.12188068272944837	0.008958339448336943
1210	0.11945820200267256	0.006377212104450584
1212	0.11823113284346964	0.006374864952406252
1214	0.11945775045927313	0.009015420473989837
1216	0.11823113284346964	0.006374864952406252
1218	0.11823113284346964	0.006374864952406252
1220	0.11823113284346964	0.006374864952406252
1222	0.11945775045927313	0.009015420473989837
1224	0.12313760563099048	0.009010450106398792
1226	0.12681791135060488	0.006370175827763976
1228	0.12804407775521126	1.92104541175879e-15
1230	0.12440705248076189	2.7019796484177886e-15
1232	0.12445439948073038	0.009027049447337253
1234	0.129382368486456	0.008963161033517198
1236	0.12697154097048235	0.006305245022092388
1238	0.12698720695136068	0.00897797652163665
1240	0.13437751869660833	0.006391331393243636
1242	0.1307522096705662	0.006312138511548028
1244	0.12957305324451715	0.008987925278790495
1246	0.13697246426101167	0.00631443969219387
1248	0.13945365826996783	0.009057089548408167
1250	0.1419846969501619	0.006319047090729751
1252	0.14698989188384068	0.009004515802752881
1254	0.14700746415436577	3.3141635004157845e-15
1256	0.15447166792178435	3.33501346525332e-15
1258	0.15829526729416196	1.9360034961662548e-15
1260	0.1657598619478828	0.00902465350977336
1262	0.16955944376823928	1.9424856507293123e-15
1264	0.17584256432515188	0.006332909716888574
1266	0.18091826685549714	3.839297248782829e-15
1268	0.18600066117640515	0.006342185307831485
1270	0.19109378909670902	0.0063468332999955255
1272	0.19868679545140164	0.009162112958290978
1274	0.20757147081784	3.870505976623867e-15
1276	0.21766955590325068	0.0063538180761886455
1278	0.2203875212799815	0.006504133712237247
1280	0.2279876810770485	0.006511469201387312
1282	0.23819564877277202	0.00922595791994196
1284	0.24717124974454927	0.006533575283172482
1286	0.2511331536674597	0.0065409773699727294
1288	0.2550997563900628	0.006548396247898015
1290	0.26784711039782044	0.011265313542031141
1292	0.27686026073558795	3.3982330092755514e-15
1294	0.27717137966605504	0.0
1296	0.28857172620491767	1.9868346381888857e-15
1298	0.2888965568296738	3.918928452734316e-15
1300	0.2990533569050567	0.0065957761141233005
1302	0.29557544183418977	0.00934028958940766
1304	0.2994281644999411	0.006410254654214577
1306	0.30714000712439204	0.006610880944919943
1308	0.30733013425275996	0.009218668240152588
1310	0.3112318954089133	0.006417379798328193
1312	0.3176874700509405	0.009376041929347309
1314	0.321596670166784	0.009085644446525916
1316	0.3230759046861205	0.006424520799588372
1318	0.3244358090906161	2.8324421617617504e-15
1320	0.3320647174308161	0.009247356682940341
1322	0.3320647174308161	0.009247356682940341
1324	0.32971317795064276	0.011265470358748362
1326	0.3260000760532719	0.009250674581335277
1328	0.33367909512013433	0.009256186049369376
1330	0.33132691817595217	0.012987955792908767
1332	0.3326920472867332	0.011408102361739779
1334	0.33534049175511244	0.013213440492464784
1336	0.3366218038344427	0.011414223917786692
1338	0.33666520744752715	0.009268359824514618
1340	0.3353843899829764	0.009272050829104813
1342	0.3353843899829764	0.009272050829104813
1344	0.3365803412664718	0.009107603159589948
1346	0.334101104756989	0.006441245100665769
1348	0.33029912418452767	0.006654056118205067
1350	0.3290178121051974	0.009412064854576626
1352	0.3264566645851667	0.006654056118205067
1354	0.3264566645851667	0.006654056118205067
1356	0.32261715561774956	0.006646396038254124
1358	0.3213768455259201	0.009258833902879278
1360	0.3188948399508333	0.006646396038254124
1362	0.3114125882553555	0.006448439343145117
1364	0.31413425156881813	1.9468312562119273e-15
1366	0.30943981096072704	0.009281104478605187
1368	0.30356587548833336	0.00928492744313502
1370	0.30546701788704783	0.009177573566371623
1372	0.3075411231814887	0.00649681473206686
1374	0.3082462941261085	0.006511469201387312
1376	0.3078225581661394	0.006528649858909833
1378	0.31137012112667806	0.009395366372769609
1380	0.31609578016877216	0.009450879570144656
1382	0.3247382000873143	0.011682929178307764
1384	0.3373120322836393	0.011599463187250848
1386	0.34590445154125354	0.009573366727814808
1388	0.3609425513593049	0.013521798377225686
1390	0.37468092461473884	0.00954876490089207
1392	0.3897366880012672	0.006623521252654015
1394	0.41265868016638607	0.00690885842668041
1396	0.4236975478469887	0.0
1398	0.443776555766833	0.0
1400	0.4651200670133573	0.009618838575199828
1402	0.48116514958547835	0.007052324135053033
1404	0.49445541406615695	0.007063828742123894
1406	0.5049515758144172	0.013794043133346126
1408	0.5180123600569959	0.009567461978429434
1410	0.5205019954919251	0.006610880944919943
1412	0.5293602876298266	0.01168670328575732
1414	0.5303093434770906	0.013636507187812003
1416	0.5310972400792026	0.009630981574202273
1418	0.5279162876504362	0.00696161900148223
1420	0.5272959780230718	0.006953234875828096
1422	0.5266771248600902	0.006944870920485264
1424	0.5247066345935028	0.009875639287769373
1426	0.5149593748306827	0.009804142557412104
1428	0.5117369760016017	0.009509356469199573
1430	0.5060264020369138	0.00944974796651355
1432	0.5017023748846653	0.009442457194016644
1434	0.4998622827650294	0.006813732523874032
1436	0.49175479949753287	0.009248703820453159
1438	0.4899907992743338	0.006875946040368315
1440	0.48455654496233075	0.013572044482824185
1442	0.484260839520586	0.009455478756906355
1444	0.48148916640896183	0.011893863975150718
1446	0.48098534273628957	0.011718493703434052
1448	0.4806772315610542	0.011642434062380413
1450	0.47923514250842825	0.009693471223453584
1452	0.475209533495736	0.009485661745512493
1454	0.48008898037063946	0.011724105507003004
1456	0.4827398431869662	0.009460004128446112
1458	0.480105838045296	0.006528649858909833
1460	0.4774699002614324	0.011679025480225624
1462	0.47613683352367603	0.011677382377719654
1464	0.47884916193867505	1.9688542342233744e-15
1466	0.48023449378110755	0.009433036509600584
1468	0.4815373405177765	0.011611638749940138
1470	0.4778159501694976	0.009380475509652667
1472	0.4778696968165022	0.006773761468786776
1474	0.4844958719585435	0.006851466802091688
1476	0.48592364826003215	0.009416768844941113
1478	0.48592364826003215	0.009416768844941113
1480	0.4899792559363074	0.006781718118907694
1482	0.4952458346709061	2.7845139793185504e-15
1484	0.4927888332247512	0.006950444653165244
1486	0.5021002139908531	0.00649681473206686
1488	0.4996790333162404	0.009550371157198529
1490	0.5051019451288529	0.009670819563059537
1492	0.5039358115243194	0.0
1494	0.5093412384602458	0.011660891352923896
1496	0.5108390810111723	0.009233064558460818
1498	0.516317299734203	0.009691900804851513
1500	0.5164641300564293	2.8018464867532933e-15
1502	0.5271669458943428	0.006511469201387312
1504	0.5262863077957541	0.011739403877172866
1506	0.5290366863074566	1.9644098680061666e-15
1508	0.533451847150287	0.00927888145999927
1510	0.5416069933150071	0.009511689793137705
1512	0.5444247991241254	0.011855144140623886
1514	0.5474559301869326	0.007026575284255679
1516	0.5583841382337077	0.01372146997393737
1518	0.568245619511104	0.009543937371961034
1520	0.5715132646069082	1.9868346381888857e-15
1522	0.5824622348120357	0.009879143035545641
1524	0.5925716650534133	1.9755586186758953e-15
1526	0.6054148533381905	2.82435183117311e-15
1528	0.6155650567622422	0.00711314500028347
1530	0.6298663060833143	0.007133652419970258
1532	0.6404106273292506	0.00934756115585314
1534	0.6496091385359296	2.0028390599004175e-15
1536	0.6708472711535439	0.010111956174614531
1538	0.6818655123560919	0.011741858106932254
1540	0.7020958413928061	0.010119707843564989
1542	0.7132672159145633	0.011847048368684894
1544	0.7337101033855072	0.0
1546	0.7479944960616196	2.8589044748744993e-15
1548	0.7741012528877952	0.009801285855105975
1550	0.791264108534158	0.007204870247791286
1552	0.8111517077012819	0.009566517069729634
1554	0.8365766767832709	0.006715978315505153
1556	0.8526843357140832	0.0
1558	0.8667470815565118	0.009947697910121962
1560	0.8828136073881317	0.0067976876278209525
1562	0.8997199409184917	2.0380177319127202e-15
1564	0.9151850272247147	0.0074625196362301804
1566	0.9265269560845818	0.006779063826101859
1568	0.9393543997200556	0.0067896934832174785
1570	0.9448425217420274	0.012567154748437672
1572	0.9583856628394897	0.00761006505961786
1574	0.9635357391540426	0.007620109140205802
1576	0.9711774021667648	0.0
1578	0.9703123753195185	0.009687935473759256
1580	0.9778203611524937	0.007640277051472337
1582	0.9840468516269721	0.007485094241871328
1584	0.9819877240430133	0.0
1586	0.9908380126940592	0.010288356472795126
1588	0.9985247991135972	0.006900600826968226
1590	1.0023060137784003	0.01018546229259946
1592	1.007386727876318	0.007520845886099778
1594	1.0125220659085288	0.006886881938644235
1596	1.0218824254282277	0.00771171330173208
1598	1.0290470505200944	0.007553645039549842
1600	1.0399320590790258	0.010302763156775283
1602	1.053960832762017	0.0
1604	1.065658656546603	0.010803175239904502
1606	1.0744527495418268	0.0
1608	1.0832374380378953	0.010915937774727718
1610	1.090692624111786	0.012486689750584968
1612	1.1010464966818283	0.010297247390885614
1614	1.1157539440349862	0.0
1616	1.1291860238399707	0.007684342535798692
1618	1.1427119078875094	0.007923379723554553
1620	1.1562252445833334	0.011155213117390508
1622	1.1653484323007843	0.007970781443022452
1624	1.1818077228172408	0.010471772566596827
1626	1.192641821763076	0.0
1628	1.2063507574985315	0.007905298071970693
1630	1.2140864218184664	0.0
1632	1.227747712488877	0.010459000814828225
1634	1.2429643293208754	0.006967219660374195
1636	1.249049065935264	0.00812787802707076
1638	1.2583652959151195	0.00784798734738912
1640	1.2675751034224705	0.010518148413021676
1642	1.279734551703443	0.0112429143472366
1644	1.28725988740933	0.013400551009012952
1646	1.2975476159202226	0.011276795797033093
1648	1.2990937492467056	0.010739992603451059
1650	1.308969131361734	0.012916582824516788
1652	1.317566859593694	0.017202384075917714
1654	1.319955697904928	0.007104392155737403
1656	1.3253968225986232	0.013380702544929263
1658	1.3277956468287784	0.015311766052202153
1660	1.329519430050099	0.016737380215021355
1662	1.3270327786897476	0.01731493896157722
1664	1.3287919772919832	0.01571831851807957
1666	1.3272303312885623	0.015716355818383546
1668	1.3294021673909506	0.017310411183324905
1670	1.328849554808473	0.021598021492931444
1672	1.3220525722773417	0.01722102534607866
1674	1.3179347581320708	0.015742868159636887
1676	1.3118938412712595	0.013995490542340427
1678	1.3074826752249782	0.015628864102155363
1680	1.2968289605639072	0.02282290201533048
1682	1.29039335172631	0.01661350882184453
1684	1.2798324780679684	0.01899575587685344
1686	1.265626182617549	0.015205607521231575
1688	1.2535523389776266	0.015547458765253172
1690	1.2379335401128173	0.013784471470600733
1692	1.2237660427045682	0.016987906065569387
1694	1.2069436916586043	0.016434204096148864
1696	1.1947140812677997	0.014806376706437486
1698	1.1762624730548037	0.020157973697429728
1700	1.160817179794462	0.016337528608187483
1702	1.1467463968939018	0.015201319646870054
1704	1.1297356584951808	0.013068732540741231
1706	1.1101827364068078	0.01484851202127385
1708	1.0932057666364963	0.012993952780707304
1710	1.0723295961642085	0.015078208625371903
1712	1.055043357285834	0.01468373989871617
1714	1.039796640494867	0.016498488302011765
1716	1.0272056214159109	0.019428747560176696
1718	1.0120958958519841	0.014565267714973837
1720	0.9996958348138941	0.014501701772103725
1722	0.9827270060206574	0.016038341431301773
1724	0.9721896680107193	0.01261785361123195
1726	0.9580574943460078	0.01761340378541014
1728	0.9495807440996229	0.014011850504057526
1730	0.9382742958159637	0.015825620987812043
1732	0.9300092935858748	0.01392452338002204
1734	0.9149795676933579	0.012527425381674827
1736	0.9097581598587726	0.014290949752176903
1738	0.8994696966476345	0.01011453153571414
1740	0.8892132814199515	0.013968576501059458
1742	0.8886884885765589	0.017170631066982477
1744	0.8814648180800142	0.01615363304491934
1746	0.8823790122370353	0.012522630898950735
1748	0.8830763330499906	0.014211271567453288
1750	0.8803095853653419	0.016119846494474427
1752	0.8789985397896084	0.016120978796408107
1754	0.88350807511502	0.017382845388185034
1756	0.8837422935948368	0.012161051617394746
1758	0.8911200625516216	0.012130539677559922
1760	0.8931154969458368	0.01421479247767307
1762	0.9031435200088868	0.014221333981362603
1764	0.912221409042012	0.01423419572870055
1766	0.9214399621741123	0.014276675461825112
1768	0.9286990905469672	0.013916469297925206
1770	0.9415214480813853	0.010090921648090112
1772	0.9574085220448113	0.01434794305849418
1774	0.970868094591394	0.01595493298137817
1776	0.9859835273790626	0.01631386324020402
1778	1.0054385261851595	0.01635968385267105
1780	1.0263216618353204	0.014910565030782875
1782	1.0507459905327659	0.016475301162672616
1784	1.07100230125657	0.02206152632151029
1786	1.0948294795367968	0.01861233552783322
1788	1.118850269629286	0.014771089329824074
1790	1.1454142968294272	0.013073396186243376
1792	1.1755363268905898	0.013115331069820694
1794	1.196283509420058	0.023550043158212703
1796	1.2290729406415617	0.02030530024434882
1798	1.2593019210551752	0.02365355253308349
1800	1.2909016228143342	0.02058347351838136
1802	1.325413787488168	0.0230280306037354
1804	1.3565633330297917	0.016918614522496787
1806	1.3975241776327636	0.013672629911337887
1808	1.4304108974799792	0.011725983448899446
1810	1.4696645133704795	0.020056208803028004
1812	1.5084055784630817	0.011137578851100756
1814	1.5501886533698606	0.021909409680259763
1816	1.5887096717323292	0.02656203650842233
1818	1.6277253778427276	0.01664497425291855
1820	1.6712117022807405	0.016767247949062893
1822	1.7124137337278735	0.014456456737876208
1824	1.7589364017482287	0.014521503398152056
1826	1.800901872060553	0.022546480771563543
1828	1.8477646522258369	0.025579439897612046
1830	1.898546046784752	0.020451038512716284
1832	1.9498085988286828	0.02815919071116749
1834	1.999577163862541	0.025158919752818903
1836	2.0631852221597273	0.024833201884850286
1838	2.126733396946799	0.01977451007797019
1840	2.2034954368211306	0.021498795258051435
1842	2.281741677747172	0.02313805246032872
1844	2.3725692834638057	0.022129441302246953
1846	2.466060393070928	0.022480334490425857
1848	2.577153459581664	0.027235882599507346
1850	2.692872230954759	0.03235457830481192
1852	2.8249226544884287	0.038208954821271145
1854	2.9636056548348377	0.0469013247874856
1856	3.1144707343671167	0.04376175437686195
1858	3.2833132125872955	0.067831245707529
1860	3.4647384794365195	0.06210096837445366
1862	3.6598027270274613	0.06470844744578
1864	3.8825646520233534	0.06856937082769314
1866	4.124755717777682	0.07314627622415075
1868	4.382640812097891	0.07024686283849395
1870	4.672737729317061	0.07623298509276971
1872	4.981379663516089	0.09133696984716137
1874	5.292129158464356	0.08750546569060574
1876	5.623735402225816	0.10271911900733313
1878	5.9672435343724635	0.09847990718885981
1880	6.305214939001065	0.0990792116601638
1882	6.668349541381922	0.10254071386217115
1884	7.026480698661772	0.11719124469498074
1886	7.382595053013671	0.13252240850598135
1888	7.727047956468638	0.1205468754179873
1890	8.078886810007475	0.12679628098458787
1892	8.42807111625011	0.14831584334844028
1894	8.810054362704378	0.15051862334268087
1896	9.180142618184012	0.15080263722156761
1898	9.581943592085835	0.1678233469265219
1900	10.014567666318081	0.1753386336417571
1902	10.441259854828145	0.1858906085259787
1904	10.885687760395397	0.20412300429064612
1906	11.362989814764234	0.1719689094326315
1908	11.812428646764792	0.1606405564147674
1910	12.353616274148143	0.20246689115356847
1912	12.832050339659917	0.20290934125968768
1914	13.348055872218916	0.24135270705023126
1916	13.803330165729866	0.2259820777312967
1918	14.288672301697531	0.21006577033236834
1920	14.756475250441822	0.3561129591330011
1922	15.169278163487789	0.19439289510868923
1924	15.515691248697264	0.32904690918318413
1926	15.954933239104918	0.2828383331164812
1928	16.300636109462086	0.3085568323129238
1930	16.65699417714743	0.31918932068083644
1932	17.068285716756446	0.2893570345447001
1934	17.329537404097053	0.22701858709697909
1936	17.716532834734807	0.5050844842196188
1938	17.947338076209633	0.41273791061685283
1940	18.3110568949478	0.4455087598214594
1942	18.604171963467277	0.5363564092013821
1944	18.907137173810728	0.6251094360686094
1946	19.261389976422247	0.5268614719691425
1948	19.365804984615522	0.6900103757534842
1950	19.796938615522333	0.5804343705919488
1952	20.077176545352167	0.6035942537719705
1954	20.260573088424167	0.5150101749007084
1956	20.554332109873688	0.536914437032153
1958	20.794664568877874	0.6924909498237416
1960	20.978522337625943	0.589568118934069
1962	21.21790474279931	0.6363212638207316
1964	21.272619869498914	0.7778182836607047
1966	21.509655651011922	0.81290981811036
1968	21.677475122594785	0.6815062525730156
1970	21.88667000877466	0.8625096051158554
1972	21.89680569639749	0.8812732231086786
1974	22.053148778982365	0.9065593408082503
1976	22.46340544050362	0.952974693987219
1978	22.66441605552991	1.1416080708052125
1980	22.780518115824293	0.8222389145246225
1982	22.874805484388528	1.3045211601585713
1984	23.02494710371255	1.5007019236881372
1986	23.035643117168494	1.49719445277073
1988	23.27044560415385	1.0686302113142756
1990	22.96795967481715	1.3789723172699722
1992	23.13006613881593	1.3845743836286704
1994	23.066079680222785	1.0270307993853305
1996	22.68326687875033	0.6028231565488957
1998	22.5810139397334	1.1267618343137642
2000	22.402714772272077	0.5674595970167182
2002	22.291377616827862	0.09824415444934262
2004	21.737761880924655	0.6814082351564688
2006	21.89554315412744	1.1002560191397137
2008	21.59526052806392	0.6375342845382475
2010	21.504386016298998	1.0523306055559287
2012	21.352497372054373	1.0681282933753657
2014	21.060435682892578	0.7509227752115123
2016	20.843010561040618	0.9223888756526306
2018	20.635804332150048	0.583917555412354
2020	20.27587540001427	0.37583261806281526
2022	20.150342136886128	0.539062907174974
2024	19.95153223503011	0.6003081897454056
2026	19.881838854834946	0.7370633836255547
2028	19.525298856365882	0.552933650911818
2030	19.28431167314645	0.7633073495169366
2032	19.017117942083534	0.6129589246280436
2034	18.653648233622405	0.46569316382196707
2036	18.175259911229386	0.4337746903634265
2038	17.782475800797457	0.4117653003869947
2040	17.391590400289108	0.6215020092565451
2042	17.10866515587487	0.49038187567666164
2044	16.720014662515684	0.7489726850419244
2046	16.42697659476133	0.5475480336519607
2048	16.09749541492209	0.47517938041695934
2050	15.7921550130659	0.348687138372541
2052	15.43562149485596	0.4114268986046842
2054	15.100815016454733	0.26010775096649225
2056	14.751065485503036	0.25401970424443554
2058	14.398846186970866	0.24544003714010637
2060	14.011761833148533	0.23022886881126503
2062	13.652929158354121	0.33921658391879955
2064	13.299770792694297	0.25385412735141133
2066	12.962159861389344	0.2425134386634606
2068	12.636649808944815	0.19696818820667608
2070	12.290326505066119	0.22567485080053049
2072	11.972829727660198	0.1715794238029241
2074	11.647820531143578	0.19414493969046778
2076	11.33921711872884	0.1541675261351246
2078	11.067996548178206	0.16982033382652573
2080	10.775777539705492	0.14034059639222593
2082	10.49853381787343	0.11156806598770333
2084	10.231057287727053	0.1426301769352388
2086	9.968513816944531	0.1839983180296266
2088	9.713321923313696	0.13844418688753707
2090	9.488025141218907	0.14219759147242017
2092	9.269136979207207	0.16948571947354907
2094	9.05966658571097	0.19161816328194642
2096	8.8359411677258	0.1874697773168564
2098	8.630050020261642	0.18457263518323513
2100	8.415422302488677	0.15664238754696158
2102	8.223122289321452	0.11544265775196667
2104	8.023100319082465	0.09704912658472825
2106	7.844979263874667	0.10849489687563059
2108	7.662957912113633	0.11037984594165491
2110	7.493935585790617	0.09727071837606271
2112	7.3438279974417275	0.10679870052492407
2114	7.1845445333747096	0.12067763997794724
2116	7.025418463358168	0.119369138705118
2118	6.875626022749006	0.1205072437946234
2120	6.741090756822079	0.11012349362262633
2122	6.616695269659164	0.09674508996105817
2124	6.4774056500486665	0.10129940013980063
2126	6.3563745092309025	0.09794302102057224
2128	6.233531454508776	0.09709873533378685
2130	6.107825669912164	0.0956438958155367
2132	5.988477750734609	0.10004171400123323
2134	5.889275695871048	0.08938138970305616
2136	5.767333716885723	0.08632664225658834
2138	5.646726692384632	0.08300080058961738
2140	5.544304849664113	0.06996144121489441
2142	5.431742334019866	0.06285780383986994
2144	5.347002583617428	0.07410524739239444
2146	5.25515280240264	0.08949102932726337
2148	5.151589129411752	0.07956229169898389
2150	5.074771030610464	0.09260581215572102
2152	4.989905951715735	0.08643458353792753
2154	4.906276293849435	0.07181502254832525
2156	4.824623621596874	0.07079653734204058
2158	4.749989639328984	0.06675175796540277
2160	4.672192302029065	0.07514651669895407
2162	4.5953381266302324	0.05855838927744639
2164	4.528220791968181	0.045685671790289956
2166	4.4524585637925735	0.05701050499407936
2168	4.391511932858041	0.052449470219211085
2170	4.333296745003661	0.058455546757907415
2172	4.258304251463456	0.07408629712969433
2174	4.197891854863921	0.06638929153844993
2176	4.128135169977752	0.0693851978600372
2178	4.077807615821158	0.06199008483744277
2180	4.01344981578428	0.05337623908693518
2182	3.96676144602015	0.03997454628087498
2184	3.915308595494025	0.056640989119503035
2186	3.8666708327084236	0.051287536798758894
2188	3.8066614663721565	0.05858663853400749
2190	3.756534648598157	0.06050352766884384
2192	3.711892041531518	0.05668341840749735
2194	3.6654147867448192	0.055569571247261584
2196	3.6182713800105226	0.06084091556474123
2198	3.5752249113841343	0.05702237798999007
2200	3.536484342764188	0.05185572958053811
2202	3.5015325889799143	0.07190080489297723
2204	3.4598003842133482	0.05637913741745059
2206	3.424041291840256	0.062385821596240426
2208	3.3832444847545475	0.07141771887578371
2210	3.3412141664629185	0.06156923029540699
2212	3.30591723588291	0.06346263397591594
2214	3.2736512915660785	0.05894773916651
2216	3.2292869003690527	0.0607214781726866
2218	3.20881243039442	0.04346383294126657
2220	3.1807765481082693	0.04251561089397867
2222	3.140620366397057	0.04273645612085038
2224	3.1012937887892584	0.0509381078027154
2226	3.0769504080144845	0.04719824591327934
2228	3.0347704563723314	0.05075713212988692
2230	3.005465030616492	0.04717221031516003
2232	2.9801255853981075	0.057545532614446115
2234	2.9471202653079955	0.06317382801583198
2236	2.923114651072597	0.052971431519571816
2238	2.8899504422025877	0.060474050575149936
2240	2.877160911671568	0.05367135762844031
2242	2.8560592753601157	0.042580846673027875
2244	2.845331624121189	0.03209425532594268
2246	2.8316888453064464	0.03297954022917935
2248	2.817906091286844	0.04277499108404248
2250	2.802783515915801	0.02640686188160361
2252	2.781255787591903	0.03512541818829947
2254	2.7663186672066753	0.028496600929833766
2256	2.754762516468393	0.03300944401987326
2258	2.738926793343232	0.022028724875747675
2260	2.7197519714664984	0.0456424513616835
2262	2.71313403799865	0.04296067034462907
2264	2.693583579358086	0.04559846852263189
2266	2.693650404446513	0.04638502136682553
2268	2.6903315898205338	0.03851949971583229
2270	2.6851053090953734	0.04327969139599897
2272	2.677591034985268	0.04141793128462376
2274	2.6814741329349068	0.05041250373380213
2276	2.6673658382591197	0.03947984965455322
2278	2.667097723048878	0.04217897058004889
2280	2.6668553881550126	0.04795826389825389
2282	2.6668663985468477	0.05137334778065721
2284	2.6641502574591907	0.039514432552715105
2286	2.670185179669177	0.039756065484492245
2288	2.673543222265216	0.04214169207836936
2290	2.683376442896181	0.040133004138127946
2292	2.6887088476788463	0.04148345592722582
2294	2.6884891098383528	0.055205202705511776
2296	2.6933388836130483	0.05289827591549677
2298	2.6857773823303934	0.040051807371250234
2300	2.682349837819366	0.03368131151138169
2302	2.6794131987360603	0.04698637839375926
2304	2.684980783435204	0.06579809712370727
2306	2.6811253356654396	0.07014103850822506
2308	2.6994411284575883	0.07243056589695102
2310	2.701806256783353	0.08043211232519384
2312	2.7247694658175843	0.0838512925381643
2314	2.7477718815263814	0.06749327731206317
2316	2.776300714396411	0.05893190892920932
2318	2.797560316283484	0.05630122099412605
2320	2.8259525836443147	0.05248259928427468
2322	2.839901516701419	0.06691786892403302
2324	2.855062297336653	0.05609191122115293
2326	2.86952652868732	0.07890671539373038
2328	2.8932445838869367	0.05221530811584662
2330	2.9168970958473586	0.0674423876281827
2332	2.9490091487740435	0.05407725295686087
2334	2.9786041983202627	0.06154244867392296
2336	3.016041435094607	0.05191231406182229
2338	3.053579128068076	0.044340873408578216
2340	3.110954346978689	0.06735886102129664
2342	3.1497387250827154	0.06348423406760192
2344	3.1950062626385516	0.058482553657956474
2346	3.2422361294017104	0.057933597826310544
2348	3.2818522902922296	0.06151441000906591
2350	3.320380249532809	0.07313609705111022
2352	3.3881124829165294	0.08581356435088093
2354	3.443700360425726	0.07288298666854172
2356	3.5104284321379073	0.08344282347019785
2358	3.567657582178334	0.07283077661026922
2360	3.630491195736758	0.058245925375071804
2362	3.702003999325458	0.07173017524920394
2364	3.7858922357425655	0.08698201434868646
2366	3.8656202290629973	0.07982125322052208
2368	3.941913603479611	0.09085317907185539
2370	4.0387946523943095	0.1005573332488038
2372	4.139063078747156	0.08971194790130547
2374	4.218442698547434	0.06647878724852267
2376	4.326852377811964	0.05753340757727058
2378	4.43979107367806	0.07479645122293906
2380	4.528958366073993	0.06918728866447289
2382	4.586613334217268	0.07047528213897948
2384	4.693761625726824	0.06118853170409909
2386	4.779727437370997	0.08996890639167639
2388	4.907004489359856	0.08937793987527717
2390	5.029998493542684	0.055394753983444595
2392	5.137491824005114	0.09398880212042558
2394	5.261935382464039	0.11038060679474204
2396	5.372435645042306	0.1238172296405198
2398	5.479340641623435	0.16566640366822188
2400	5.5986998281843805	0.14098570234429864
2402	5.741445017487588	0.12630627037280778
2404	5.845554349813504	0.1361467964148331
2406	5.957449824186152	0.1433170006480202
2408	6.061017341127715	0.1252616511811474
2410	6.128989068503521	0.11362995338364741
2412	6.197149206987607	0.12696881342276722
2414	6.261913890367237	0.12880411516993812
2416	6.34026315896995	0.17678327138033315
2418	6.434217487803199	0.11801765995344031
2420	6.554799812949053	0.18866173422116436
2422	6.65986730943395	0.12589007876969568
2424	6.763515912738938	0.13561794528217455
2426	6.832496160653494	0.15405884901263936
2428	6.903654590454273	0.19514872438024045
2430	6.9334010445552074	0.20974381135475093
2432	7.009300832581974	0.25693146163806807
2434	7.093401206402142	0.30218240128090496
2436	7.150613092911848	0.2413343361532247
2438	7.241996025689562	0.20157607667635077
2440	7.356515115465655	0.15686851386625564
2442	7.509974075000398	0.21170936624154632
2444	7.56994353025949	0.17671648195933895
2446	7.697716053255303	0.18118416713562652
2448	7.802446429457761	0.17385540493013224
2450	7.910447995318914	0.25417338210145146
2452	7.9599550258185126	0.2210515311754566
2454	8.084358489012402	0.2617001308468332
2456	8.156540680783786	0.23956976273434047
2458	8.267562288415727	0.22652343096183675
2460	8.32355684267737	0.1935531092871688
2462	8.427414190174751	0.16372573477863328
2464	8.525713830915016	0.142537275994594
2466	8.651684908624743	0.3135464901096475
2468	8.740835289938977	0.36258864470920055
2470	8.914270352475546	0.4346839282703706
2472	8.963849421579996	0.41572897812455223
2474	9.089380215665066	0.329367698688112
2476	9.224504192107785	0.30312022393167054
2478	9.300804279501834	0.27833455570962923
2480	9.424728640029434	0.3217566258698223
2482	9.583498361090195	0.38619626710955646
2484	9.755936886671853	0.32194616484777827
2486	9.936003629276493	0.3009946457300175
2488	10.19503264848145	0.3528974917447696
2490	10.417978163628744	0.4223514018808409
2492	10.58165924899958	0.4455408074938524
2494	10.677572222020428	0.4797902674912323
2496	10.719537266253164	0.6268227866791917
2498	10.724674884377087	0.7902752782918117
2500	10.723485265206824	0.9493324937767974
