nm	mua[cm-1]	mua_std[cm-1]
250	16.52330923198419	0.18758020549041296
252	16.466087230651926	0.04760038594671224
254	16.697111899002802	0.048015481669539
256	17.01981617675237	0.21000383477991022
258	17.393168440923585	2.014429563719286e-15
260	17.96358468769121	0.04056325076273775
262	18.55564238023118	0.2820980318413999
264	19.04145700038944	1.4313052163268617e-15
266	19.737800930848405	0.04384938753338914
268	20.046888160437657	0.046065181052363596
270	20.708710097457864	0.43301270189221885
272	20.843900188017084	0.3685214484189104
274	20.985029125208	0.45580284409707345
276	20.909009419734726	0.054811734416736424
278	20.68484870392324	0.07448973049959663
280	20.373499177442703	2.7470895519765205e-15
282	19.720001242412412	0.06557184444381325
284	18.81405290530166	0.39323429686412514
286	17.88802238908109	2.014429563719286e-15
288	16.67924227233694	0.19750829452377747
290	15.570401849889413	0.22310804665968373
292	14.334416158813454	0.0
294	13.144737838270965	0.024957504431827666
296	12.17047135441439	0.07970862550196371
298	11.320308415162229	0.020281625381368875
300	10.693691361562713	0.026949479027219843
302	10.277707320676766	0.05475440513315836
304	10.039844459840765	0.051696871642939346
306	9.960901566072405	0.06772694076831551
308	10.091160575715785	0.05186775993448563
310	10.330679248702936	0.05724663426091509
312	10.715476643086356	0.026098981912365343
314	11.096795231632193	0.018908851611014216
316	11.584769886380982	0.02939156879255464
318	12.128805225040166	0.07482617074178227
320	12.688426816756355	0.08815067074997578
322	13.249040644908726	0.033832604112919794
324	13.819663515091472	0.03616115392025785
326	14.4043877163976	0.10971647521213881
328	14.949535734199406	0.12179743436827603
330	15.505677049209163	0.028964060327239163
332	16.01561131212598	0.0
334	16.304523906855874	0.04540668362329029
336	16.788781199956777	0.03402850309565623
338	16.91085423034852	0.03324473718942112
340	17.25828085299231	0.05142497808306498
342	17.26076208466456	0.2192275725608449
344	17.431871578669558	0.052357092101205684
346	17.219353684669368	0.03443440969321873
348	17.24497445860734	0.21688837479633213
350	16.871392709097158	0.03305440472459737
352	16.570572436595086	0.05797005560032416
354	16.12537611883337	0.0
356	15.724393039730487	0.14003589965431756
358	15.2542900209708	0.14590670472915557
360	14.850613850972026	0.0
362	14.573681766793891	0.0
364	14.256650655055921	0.025584206906483043
366	14.07305142570027	0.02681193200571056
368	14.074889293805498	0.11134243440202765
370	14.07305142570027	0.02681193200571056
372	14.25317878488896	0.11395071102426785
374	14.642029146681395	0.039007780705022733
376	15.16373720508574	0.12371791482634903
378	15.924804689761816	0.0
380	16.75618050548967	2.1476637491948515e-15
382	17.95171143441914	1.5213873628089711e-15
384	19.29506675544648	1.783265515423631e-15
386	20.922480608153098	0.05871358669724987
388	22.60119271027636	0.09678993863594804
390	25.031628929685894	2.3182491218592484e-15
392	27.026415209298904	0.1719733995538056
394	28.917691448366426	0.16340101958196973
396	32.30922173740158	3.56715730196032e-15
398		
400		
402		
404		
406		
408		
410		
412		
414		
416		
418		
420		
422		
424		
426		
428	29.59777724928676	3.2734262435599552e-15
430	27.809466014238197	3.399349888776295e-15
432	24.58731728750563	0.12197540898372333
434	22.354908266529094	0.757283741488995
436	19.96106522463971	0.058122510321103056
438	17.888936661216903	0.06371893560138402
440	16.087441953907796	0.16966721217846628
442	14.518365991263648	0.11993147096037228
444	13.283519524370057	0.20720294127361738
446	12.10111682236979	0.10542182183592783
448	11.014263109572843	0.06974740564575148
450	10.053268459911017	0.08132142717148061
452	9.272297921243746	0.05237890257111594
454	8.580988579262913	0.07071361740559219
456	7.965014257567474	0.061329825076702316
458	7.382447574967602	0.03299311226072724
460	6.914154345055959	0.03783270053760017
462	6.495345911500874	0.023629615382931814
464	6.130816431128497	0.021896976075459422
466	5.804750846253533	0.022636870364958882
468	5.5074385709781	3.5131114620363385e-15
470	5.235574538069625	0.0213130987811592
472	4.990170263143908	0.020426891427407102
474	4.772239037626574	0.025285849375590575
476	4.573376331758681	0.024447455196646328
478	4.379738917522603	0.023507281089056635
480	4.201187424481766	0.014350048115731389
482	4.047307206358405	0.01392323800296545
484	3.9160220688089833	0.019284595287071413
486	3.798952639767593	0.01647422948015486
488	3.699219255241919	0.009058843135819974
490	3.600857142989629	0.02427494064686746
492	3.5205797573877757	0.02198259628461673
494	3.4474281528458235	0.02531668860203438
496	3.374175411775129	0.008783219105318351
498	3.3182469209373924	0.0229918970252953
500	3.2572608025090326	0.012349849802877164
502	3.204813704725827	0.012319551105017855
504	3.1648937899841365	0.016998076989207935
506	3.1342394277659977	0.022390424546396146
508	3.1227297996424936	0.019176566567561466
510	3.133669416295017	0.02256870602242942
512	3.1738278866128997	0.012260887781074665
514	3.262325963019222	0.019411410691137467
516	3.4021042212058155	0.023569308186359456
518	3.6085167173945387	0.015987652357079996
520	3.875430308319309	0.016846567529061305
522	4.243202123521127	0.017950289669248446
524	4.691321341506715	0.02996953588078545
526	5.217937194231659	0.01533392029393729
528	5.83597035050219	0.01993153978790451
530	6.495120528026223	0.035364914049601265
532	7.147790820609057	0.044642857142856984
534	7.759795902743119	0.03212229317855015
536	8.235391235767617	0.0397802436290895
538	8.626117594639505	0.05190492484692908
540	8.853693310735759	0.021990391157914985
542	8.872039426059743	0.03571238778492454
544	8.676810202803642	0.026266577749814418
546	8.301053896612432	0.02090193194067034
548	7.780583945983953	0.03376902593807831
550	7.240225774115714	0.035682255557818135
552	6.71773479376538	0.024708285414676755
554	6.268322299042867	0.025784148658801773
556	5.9095196837917925	0.02825635381867221
558	5.676576770834139	0.020210627859613795
560	5.584821755171483	0.025228845351547673
562	5.628604607009549	0.015855298860594943
564	5.830897760253525	0.03460967331690046
566	6.179035189565677	0.0431009662135538
568	6.675747910811224	0.030645336378780703
570	7.296852732320805	0.0278464760059309
572	7.980622623248053	0.046329376646396754
574	8.590382085257565	1.3857222476540318e-15
576	8.874914883341107	0.02172188940234582
578	8.627633057274918	0.04011591531977821
580	7.813126650997369	0.019984011627868947
582	6.6704759960105235	0.021834061135370716
584	5.411961570190221	0.027119672039036438
586	4.328420853936271	0.03213957309915036
588	3.3695315064395515	0.0238785563647298
590	2.578012750811854	0.013689361835808444
592	1.933140556609632	0.01726425327561174
594	1.4340743673984537	0.014654021984252981
596	1.0678720884932211	0.01314611543037231
598	0.8108227497049433	0.012546974554030576
600	0.6380729016352517	0.014130514596196424
602	0.5185480303376269	0.01784571224214191
604	0.4231827805308958	0.022246893150471805
606	0.3520883695332746	0.019837106293201106
608	0.3022927280931309	0.014714165688719754
610	0.2589721709287807	0.014648716317020517
612	0.22760968984259722	0.012977313049397685
614	0.20053169507507898	0.01302244648165083
616	0.1811132530456833	0.017185305825272265
618	0.16685883068927435	0.01117431354569588
620	0.1528437777628143	0.0182344404893589
622	0.14264610983961903	0.03030481037132727
624	0.13240861239087773	0.036909051257499784
626	0.12340319145202137	0.03911810221273637
628		
630		
632		
634	0.10248860040527381	0.018084428013507712
636	0.09015683376560939	0.026475696980455554
638	0.08611328672295428	0.018106376412822908
640		
642	0.08598994295868523	0.01107312995919225
644	0.08841060862718626	0.02774819437133644
646		
648		
650		
652	0.07849041445029949	0.022106052813277804
654	0.06742408535182363	0.01560299348484968
656		
658		
660		
662		
664	0.06857102520071628	0.01909991430703774
666	0.061218463501140075	0.012723013721503862
668		
670		
672	0.05759438305472061	0.014232778575383465
674		
676		
678		
680		
682		
684		
686	0.060103996654469034	0.019155314669002436
688		
690		
692		
694		
696	0.053869056897241495	0.0142327884866853
698	0.06002196794755587	0.015622983245228947
700	0.05762186803429703	0.01425375145779821
702	0.06251667122874964	0.017998831167850237
704		
706	0.06615511540200292	0.016860311569059084
708	0.06133246241550299	0.015625885951729115
710	0.0686412798927816	0.018046027140103713
712	0.06740022857551221	0.016878002293809098
714	0.07102741300433323	0.0180095872068538
716	0.06617672999310566	0.019124788683402637
718		
720		
722	0.06997803762464912	0.01106080076408977
724	0.07719208295294577	0.0168737409557791
726	0.0771637188658501	0.01681532739529743
728	0.07837506960451436	0.02464136669474228
730		
732		
734	0.07597266694164305	0.022045782917518072
736		
738		
740		
742	0.08480493719330427	0.02022728624875462
744	0.08733940425236165	0.015633771123557575
746	0.08743666013161226	0.020181793896966543
748	0.0862519180097417	0.025648772884343786
750	0.0911465473630162	0.027924631101239442
752	0.09356984876869688	0.03067543368455849
754	0.09588730778652725	0.016931773982957768
756	0.09098212863067173	0.021223760499932694
758	0.09707590031246172	0.02700192590973519
760		
762		
764		
766		
768		
770	0.10235840498233843	0.030069348969076745
772		
774	0.1134299296777636	0.02926456075147136
776	0.11461002688978705	0.03264531860200125
778	0.10716460228144493	0.027889615970929482
780	0.11326050314753065	0.03430976515362446
782	0.11944010638386264	0.02213656129909812
784	0.1146693052695129	0.03071796338248577
786	0.11479624541417933	0.03200402357356268
788	0.11138693431548512	0.022254860974018204
790	0.11631390983684968	0.02573088346107022
792	0.12997929748566975	0.027370667186120575
794	0.1335534037057905	0.0401361064784342
796	0.12987050889684373	0.033343268422269645
798		
800	0.1457686492728134	0.033291042479694756
802	0.1432266053527585	0.04525037010687629
804	0.12716989868882697	0.02786470880229769
806		
808	0.1297851342893437	0.03514431132842608
810	0.1372039011176889	0.03204746478625466
812	0.14974422815501506	0.037900830577774144
814	0.1433354771682721	0.034489303214749134
816	0.13592129917601484	0.03403733589632566
818	0.12749353724316373	0.04162196693824123
820	0.13129099361843402	0.03471610702615851
822	0.13888019043717806	0.03228101561644613
824	0.15363629447244	0.048571557213307304
826		
828	0.155102054000865	0.05041654861653669
830	0.14404219657317918	0.044776560396787145
832	0.15234099638673002	0.0454370491921929
834	0.14859686615863024	0.04315770839179659
836	0.15726773669310953	0.039197713081416376
838	0.1466982524421645	0.04184419170955938
840		
842	0.15501539021465266	0.04890341581129982
844		
846		
848		
850		
852		
854		
856		
858		
860		
862		
864		
866		
868		
870		
878		
886		
892		
894		
896		
898		
900		
902		
904		
906		
908		
910		
912		
914		
916		
918		
920		
922		
924		
926		
928		
930		
932		
934		
936		
938		
940		
942		
944		
946		
948		
950	0.20611382221182062	0.051103839152468016
952	0.1999310943144701	0.03940584818602141
954	0.19607328859254633	0.026773126394911747
956	0.19607758071112893	0.02678223793312571
958	0.19733664727990374	0.011283974326370266
960	0.19602702041127631	0.01453802443935967
962	0.19723747112289325	0.012973590548486508
964	0.1984969962968941	0.01120255925942277
966	0.1984721935205005	0.00908227752286023
968	0.1960003110688222	0.009085644446525916
970	0.19970836387894197	0.006419758367564042
972	0.19842504343996056	0.009163359014601915
974	0.197166469389391	0.006417379798328193
976	0.197166469389391	0.006417379798328193
978	0.19714031141315116	0.006550872948445632
980	0.19714031141315116	0.006550872948445632
982	0.19461887911944856	0.009262582242882466
984	0.1908383988333636	2.737922401080046e-15
986	0.19081601189927314	0.009161502421469927
988	0.18832267544351014	0.006533575283172482
990	0.19324225449096666	0.006417379798328193
992	0.18946415471030684	0.011259834199018465
994	0.18694653122707883	0.009163359014601915
996	0.1869004169852587	0.009151233038416069
998	0.18562236761602183	0.006410254654214577
1000	0.18683203377702276	0.009156507317959464
1002	0.18557440941449657	0.009154747572928308
1004	0.1818015359688845	0.00915474757292831
1006	0.17803434563387788	0.00914422373432818
1008	0.17678003392262123	0.006412627943608954
1010	0.17799066609543882	0.006528649858909833
1012	0.1753899916069175	0.011158976786340336
1014	0.17785547562843307	0.006513918042756771
1016	0.17658217946755891	0.006405513341601424
1018	0.17030778719780748	0.009139235839485171
1020	0.16905347548655106	0.006405513341601424
1022	0.17271120610629076	0.006504133712237247
1024	0.16393950858847325	0.0
1026	0.16763295310301216	0.0
1028	0.1613764581814443	0.009201689492047478
1030	0.15883277937041126	0.009048724576221051
1032	0.16375646250903744	1.957780813333479e-15
1034	0.1587580220025512	0.006499252561234617
1036	0.15496577970177142	0.0063889738383217445
1038	0.15619511157384075	3.3723247523801605e-15
1040	0.15120228624676255	0.006491944556104868
1042	0.14741707238845927	0.0063889738383217445
1044	0.14985962389586524	0.009098099201933588
1046	0.1423575837909496	0.00648222607623046
1048	0.14479558987550603	3.878783475811442e-15
1050	0.13856715206741058	0.009160395447955823
1052	0.13726800585170332	1.925295512227282e-15
1054	0.13970927034322284	0.0064628761476456156
1056	0.13098050161272345	0.006377212104450584
1058	0.13343418838772955	2.7350625978582665e-15
1060	0.1271551449151708	0.006377212104450584
1062	0.1296088316901769	4.3187440654021066e-15
1064	0.12216003901879097	4.316786868212454e-15
1066	0.12211070892151255	3.3397726646237876e-15
1068	0.12211070892151255	3.3397726646237876e-15
1070	0.11462596230924758	0.009007133175162498
1072	0.11830220778917756	2.7470895519765205e-15
1074	0.1121075705606478	0.006431677710986924
1076	0.1108249547059154	0.0
1078	0.1108249547059154	0.0
1080	0.10336012080567848	1.9360034961662548e-15
1082	0.10703321575953383	1.9360034961662548e-15
1084	0.09590767845442712	2.737922401080046e-15
1086	0.09957673037504651	3.3410051731466083e-15
1088	0.09831698420717128	0.012774871440742679
1090	0.0958016609182601	3.837939252683339e-15
1092	0.0958016609182601	3.837939252683339e-15
1094	0.09209909982519697	0.009067147394579735
1096	0.08592294456967386	0.006349159851791711
1098	0.08836584195518278	3.846448939469912e-15
1100	0.0907771110947833	0.0063468332999955255
1102	0.08460734996818153	0.0
1104	0.08460734996818153	0.0
1106	0.08337574702295543	0.006398414508935274
1108	0.0808814534359785	1.91050180357131e-15
1110	0.07719209685200723	2.7123384653932374e-15
1112	0.07719209685200723	2.7123384653932374e-15
1114	0.07473207214010512	0.0063889738383217445
1116	0.07591548455318987	0.0063398638637217385
1118	0.07467806422938765	0.00638191159752682
1120	0.07345009098531598	4.285274441987667e-15
1122	0.07345009098531598	4.285274441987667e-15
1124	0.06976481329281807	3.8284218986091645e-15
1126	0.06484438325870374	0.008987435258229294
1128	0.06361776564289996	0.0063352260701134795
1130	0.06605530383805465	3.315184724406463e-15
1132	0.06605530383805465	3.315184724406463e-15
1134	0.06603914340372768	0.008985802615441723
1136	0.06479591973417248	0.008987435258229294
1138	0.06233641209581053	0.008980815856076003
1140	0.06232969340633183	2.7167684752438874e-15
1142	0.06232969340633183	2.7167684752438874e-15
1144	0.06232969340633183	2.7167684752438874e-15
1146	0.05987781147648404	0.006367833851356709
1148	0.05865164507187762	0.009007133175162498
1150	0.05987064749326632	0.006328282088303905
1152	0.05986213711437725	0.008977585797748338
1154	0.05986213711437725	0.008977585797748338
1156	0.05863642158913587	0.008975924166223144
1158	0.05619395080286833	0.01100391768763772
1160	0.05741966632810971	0.011005273126753843
1162	0.058644481088659904	0.008979214568422813
1164	0.058644481088659904	0.008979214568422813
1166	0.05865254649914007	1.92104541175879e-15
1168	0.06232969340633183	2.7167684752438874e-15
1170	0.0635549583836758	0.006367833851356709
1172	0.0635549583836758	0.006367833851356709
1174	0.06478067390891717	0.006370175827763976
1176	0.06723345792932715	0.006374864952406252
1178	0.07214173489870611	0.006377212104450584
1180	0.0684941795435675	0.008959362629054087
1182	0.06850135930661465	0.008987435258229294
1184	0.06728192145385821	0.006374864952406252
1186	0.06728192145385821	0.006374864952406252
1188	0.06973832048420492	0.009022069011454192
1190	0.06973832048420492	0.009022069011454192
1192	0.07096719914635612	0.006374864952406252
1194	0.06974058153055256	3.833694375708693e-15
1196	0.07096719914635612	0.006374864952406252
1198	0.07096719914635612	0.006374864952406252
1200	0.07342224154963038	0.009022063503644739
1202	0.07465066733590542	0.009023727628379278
1204	0.07465066733590542	0.009023727628379278
1206	0.07588852074536191	0.006332909716888574
1208	0.07588852074536191	0.006332909716888574
1210	0.07345009098531598	4.285274441987667e-15
1212	0.07466952883807242	0.0063352260701134795
1214	0.07345009098531598	4.285274441987667e-15
1216	0.07345009098531598	4.285274441987667e-15
1218	0.07345009098531598	4.285274441987667e-15
1220	0.07345009098531598	4.285274441987667e-15
1222	0.07345953873276131	0.009000714444825168
1224	0.0722491093012827	0.01101209813194833
1226	0.07596321818985602	0.006384263942383998
1228	0.07719209685200723	2.7123384653932374e-15
1230	0.07719209685200723	2.7123384653932374e-15
1232	0.0759722127273832	0.0063398638637217385
1234	0.08337574702295543	0.006398414508935274
1236	0.08216445258267263	0.006349159851791711
1238	0.07850937257924187	0.006403145314488077
1240	0.08836584195518278	3.846448939469912e-15
1242	0.08470037593930461	0.008982362438073033
1244	0.09213260899764071	3.3262112402298017e-15
1246	0.08723964175821004	0.006360818242999555
1248	0.09713024642586614	0.008990606924216936
1250	0.098413603930186	0.011126224363728105
1252	0.09968702585182314	1.9360034961662548e-15
1254	0.10592659477471601	0.006367833851356709
1256	0.11094791397479437	3.863590552149329e-15
1258	0.12088544394416834	0.006367833851356709
1260	0.124701006264197	0.006374864952406252
1262	0.13220757077192613	0.006374864952406252
1264	0.13726800585170332	1.925295512227282e-15
1266	0.14356761663143458	0.00638191159752682
1268	0.1498766435560334	0.006391331393243636
1270	0.15496577970177142	0.0063889738383217445
1272	0.16252576899927254	0.006396051726620305
1274	0.16519099474296497	0.006504133712237247
1276	0.17655564637912416	0.011161910149840987
1278	0.1867133418059873	4.352842597566906e-15
1280	0.18941424314763902	0.00915474757292831
1282	0.1996565055127538	0.009264333369074838
1284	0.20858937142215148	0.006424520799588372
1286	0.21258788309031315	0.0065657725836572355
1288	0.2241373421179805	0.006580740150337306
1290	0.23309470643807628	2.8098084915193635e-15
1292	0.23707608119012172	3.3902821248512228e-15
1294	0.24230758898749313	0.006448439343145117
1296	0.24630679210014703	0.006448439343145117
1298	0.2552808077187061	0.006453244439526003
1300	0.25929794052168803	0.006453244439526003
1302	0.26705333255039004	0.006460465526180623
1304	0.2646314585284261	0.009261442865337595
1306	0.2698783187669793	0.00663875357442997
1308	0.27758631296968744	0.009275757728141612
1310	0.273990078353661	0.011416978688538483
1312	0.2817094261749626	0.006654056118205067
1314	0.2857341171306182	0.006477377739599944
1316	0.2883721121365254	0.01324010916149305
1318	0.29229786662077867	3.9352710518524075e-15
1320	0.2910876256029193	0.009307790193649877
1322	0.3001175770927087	3.968285343545169e-15
1324	0.29762303387682537	0.00916725203137365
1326	0.2964138132665084	0.01134852352704422
1328	0.3002725850470832	0.011343971191582808
1330	0.3003096437872793	0.009309637644301448
1332	0.3003096437872793	0.009309637644301448
1334	0.30034719829005657	2.8488336094571307e-15
1336	0.29909852499081907	0.006489512205203368
1338	0.2966007104615495	0.009179276266733838
1340	0.29667645856694796	0.009314718089200468
1342	0.29667645856694796	0.009314718089200468
1344	0.2954263804224132	0.01135660929785292
1346	0.2941767709107469	0.009318113039909945
1348	0.2954268490552816	0.0066797177306933235
1350	0.29035370951581513	0.011469375330911946
1352	0.28524392126969006	0.009455664465019487
1354	0.2826376543933276	0.011464876175252402
1356	0.2787843333379299	0.006499252561234617
1358	0.2736775231129679	3.4539885613094083e-15
1360	0.2736775231129679	3.4539885613094083e-15
1362	0.26742383964172994	0.006491944556104868
1364	0.2676618207634434	0.006669429370692256
1366	0.2641710736412641	0.006528649858909833
1368	0.2684405112519957	0.011504818281856103
1370	0.2625274329443315	0.006710774147883684
1372	0.2606334911581067	0.00952183950569331
1374	0.26253813949044824	0.00673949730571605
1376	0.263234210866296	0.006779063826101859
1378	0.2652171742415521	0.009501933452629334
1380	0.2723777690869515	0.011675741958557242
1382	0.2756441105571148	0.013462017166540906
1384	0.284135596882863	0.009526962369343089
1386	0.29513618172100725	0.011672983400157447
1388	0.30479835693195856	0.009575559555198917
1390	0.3144159411731882	0.011711563150263404
1392	0.3304561983746501	0.011670720948608982
1394	0.3451304957593342	0.009610783414330883
1396	0.35836455352628444	0.01374049182098438
1398	0.37161635625467304	0.00982354806290228
1400	0.386155310377593	0.006942087405086273
1402	0.3952928256599229	0.009668098619342843
1404	0.40963220415755686	0.013592584906348968
1406	0.41743682027616363	0.006900600826968226
1408	0.4249538423024	0.006967219660374195
1410	0.4338678896194577	0.011826038773528396
1412	0.42964294748876625	0.009835338589111588
1414	0.43321633657056685	0.00660835867061818
1416	0.4340310984918842	0.009531486727920223
1418	0.43230085927692147	0.011600816538321308
1420	0.4293116904155139	0.015012239667869163
1422	0.42747753342886363	0.011946193218030676
1424	0.42167231717738135	0.006843345743062129
1426	0.4211804223015614	0.006835243913057532
1428	0.4142555577602667	0.01157625416267512
1430	0.40732758831173355	0.009725987244793288
1432	0.40553205913113394	0.009712489067339567
1434	0.40248129345521705	0.009483443667309098
1436	0.3971662962197202	0.011837728794449836
1438	0.39938924743890175	0.009427848246049638
1440	0.3901319138632175	1.9800536325977963e-15
1442	0.3897383212629368	0.009455589105490594
1444	0.3896802875046985	2.792310760567856e-15
1446	0.382988998510245	0.0068271612438659
1448	0.3841540044603273	0.011462049076886591
1450	0.38410232476590345	0.011616211303533715
1452	0.38405669819422267	0.01161329019850693
1454	0.38263703117697584	0.011631373123122414
1456	0.38123437929203013	3.4582047347200092e-15
1458	0.38123437929203013	3.4582047347200092e-15
1460	0.37993356626739244	0.006757904048258988
1462	0.37985489442509923	0.006548396247898015
1464	0.3811101508260506	0.009241673510449305
1466	0.37985489442509923	0.006548396247898015
1468	0.3836311066586811	0.00924342859770834
1470	0.3862250401153466	0.009389584532117043
1472	0.38627106926168836	0.006521275630906546
1474	0.3850110679866842	0.009241673510449305
1476	0.3851721627781343	3.4582047347200092e-15
1478	0.393015433920542	2.7938617917945088e-15
1480	0.393015433920542	2.7938617917945088e-15
1482	0.3997331549418183	0.011466736514347459
1484	0.4010370209210224	0.009252145797243412
1486	0.3973635940628777	0.009474647362460651
1488	0.4052791993895322	1.9688542342233744e-15
1490	0.4052791993895322	1.9688542342233744e-15
1492	0.40923098803653807	1.9688542342233744e-15
1494	0.4108029573242982	0.0065657725836572355
1496	0.41366206001766287	2.800218701445917e-15
1498	0.4175859372610453	2.800218701445917e-15
1500	0.4255082990569035	2.800218701445917e-15
1502	0.4245087101414134	0.006870491104993173
1504	0.42993588316750503	0.0
1506	0.4365530540719367	0.006878676757620249
1508	0.43550150269252796	0.006580740150337306
1510	0.4423292745306848	1.9755586186758953e-15
1512	0.45171324266160306	0.006558314303554632
1514	0.45476635057925385	2.8098084915193635e-15
1516	0.4616434189832032	0.006593265350471179
1518	0.4672473523665483	1.9800536325977963e-15
1520	0.4784484578919595	0.006878676757620249
1522	0.48167205824874076	0.006950444653165244
1524	0.4929200513301963	1.9868346381888857e-15
1526	0.5041621170897078	0.00957869376626611
1528	0.5181092034359965	0.011665676317925545
1530	0.528210397579469	0.006641299108775992
1532	0.5437115997985463	0.0
1534	0.5565232972882312	1.9982401183162615e-15
1536	0.5775459631193787	2.8422543170565387e-15
1538	0.5869143416428885	0.009743338069513585
1540	0.6082330470460832	0.0
1542	0.6271809106588854	0.009475782370535346
1544	0.6447607817896898	0.010095027996711458
1546	0.6601059853321634	0.007195890351345155
1548	0.676856132639638	0.006742120698984139
1550	0.7016894808647997	0.012531648492299076
1552	0.7241428601373201	0.0099233215229249
1554	0.7398310130085841	0.007311316199108395
1556	0.762153635274219	0.012075284981864094
1558	0.7748932161320686	0.009984125478810068
1560	0.7959111852114295	0.006787032945018726
1562	0.8112003313050877	0.010012764045987589
1564	0.8211994367188504	0.010468191648979233
1566	0.8363925387187833	0.012530586965523423
1568	0.8488839526313838	0.010092673067000202
1570	0.8568825865299541	0.010580949212887202
1572	0.8651450898491913	0.007433694453085944
1574	0.8783260824136007	0.006870491104993173
1576	0.8820646726383417	0.0
1578	0.8851958213425881	0.014703087846003196
1580	0.8900162100793878	0.014380633058861036
1582	0.8961751255692686	0.0
1584	0.9023250336186398	0.01066850933267874
1586	0.8987341738662797	0.007491569236889182
1588	0.9063591258791188	0.0
1590	0.9127991580806758	0.006870491104993173
1592	0.9217830921620757	0.010202122325137222
1594	0.9224227354783595	0.010724561045461411
1596	0.9287671743488187	0.012767174777012004
1598	0.9409585119137148	0.0069116153534268905
1600	0.9448020752680207	0.0
1602	0.9516888562568327	0.0069282032302761
1604	0.9683643354615493	0.0
1606	0.9695846694984027	0.0
1608	0.9825790835561858	0.0076741285226795694
1610	0.9893140294473252	0.0
1612	1.006124630596141	0.012884471168036487
1614	1.0118269183556838	0.006967219660374195
1616	1.0233839372541673	0.0
1618	1.0350837838628755	0.007753137007917542
1620	1.0380462464440614	0.0069925345481177984
1622	1.0525058332485495	0.01474642547687517
1624	1.0608743784238843	0.007003844753614148
1626	1.0724516047579502	0.007819642472094922
1628	1.0820635561235463	0.007018034066324064
1630	1.0878051928583738	0.011031864704949943
1632	1.1009668258900034	0.010473764004148123
1634	1.1092719209700719	0.0
1636	1.1147680454418953	0.0
1638	1.1238097544920056	0.007905298071970693
1640	1.1321907770240387	0.007055196772175255
1642	1.136372370486585	0.0
1644	1.1446281294026637	0.007018034066324064
1646	1.150185388374939	0.0070695951329347965
1648	1.1554483341645785	0.01269115692655117
1650	1.160354829047379	0.01505203958128264
1652	1.1610286129872347	0.010578348786502713
1654	1.1686829213509147	0.015471775483158506
1656	1.1747833769880585	0.010586308801942312
1658	1.1747833769880585	0.010586308801942312
1660	1.1764953601626253	0.011216631743264302
1662	1.1792201894221555	0.015481681107742958
1664	1.1785259057070665	0.012775941449640683
1666	1.1769894533482972	0.015064322966348614
1668	1.1740917749038584	0.016642624414285143
1670	1.1676721452102676	0.01703673020504437
1672	1.162407998843552	0.020362422971366985
1674	1.1593428645279569	0.014975377735151438
1676	1.1510618638449988	0.01654747442191888
1678	1.1451810376101548	0.019885842887507946
1680	1.1365879531053822	0.020186607917868034
1682	1.1266811450825127	0.01885871967845279
1684	1.1164928024765939	0.019801989398533466
1686	1.1088476589937641	0.020042826982472534
1688	1.0961689334741387	0.014834958017384036
1690	1.0843905183644535	0.01997285670170511
1692	1.0762113762860055	0.019969254709330163
1694	1.0615284061311563	0.018652711405596302
1696	1.0509157250501315	0.01805885495739713
1698	1.0360147586522084	0.016263223725213927
1700	1.0192751619228382	0.018583153024727003
1702	1.0048169917839072	0.019804830141063906
1704	0.9886486107254809	0.019479575248631753
1706	0.9728183376059595	0.020893352454436614
1708	0.9622561623736217	0.025009028185268106
1710	0.9490541184165441	0.01908344487167795
1712	0.9359318344225013	0.021405361471983277
1714	0.9257755554002061	0.023695497442115455
1716	0.9128773248920828	0.02157346232439467
1718	0.9018682146286515	0.01868521950876174
1720	0.8878563372091386	0.015924643597415397
1722	0.875215664259139	0.01404889025329744
1724	0.8658737111248099	0.0161605469166107
1726	0.8561764740591419	0.012221332655468016
1728	0.847960340859839	0.016103779406906556
1730	0.8384485268933158	0.010105589929431166
1732	0.8295296420891001	0.01993612784101223
1734	0.8258753058924553	0.0160463976831201
1736	0.814148833254064	0.018466089983024334
1738	0.8110812523093895	0.01549419290765122
1740	0.8107345490231065	0.013929985786353774
1742	0.8088668279091645	0.012786069997040973
1744	0.8114899507707328	0.016010543019617695
1746	0.8075588657268221	0.01739491126306548
1748	0.8102814393845402	0.018460012124031405
1750	0.8090781608002219	0.016007743886537907
1752	0.8110570891913507	0.010055672908548838
1754	0.8142306148792855	0.014504102554290025
1756	0.8173085262093004	0.007414601059798909
1758	0.823567089884443	0.012170388771054674
1760	0.8313729875356958	0.012520342962418139
1762	0.8419549797499365	0.012557221253935963
1764	0.8486089567941845	0.01429337715110862
1766	0.8585172564931965	0.012237942514388516
1768	0.878062410310959	0.014059020740189998
1770	0.8918938909258508	0.012273891546953365
1772	0.9090474805523735	0.01596292204896452
1774	0.9252055855797265	0.01602544667794674
1776	0.9429164588737399	0.016351197093129002
1778	0.9640388246893302	0.01640754529284534
1780	0.9829045844727499	0.012412351833139133
1782	0.9986686946666931	0.014631895914360295
1784	1.0225436021006094	0.01737764226755246
1786	1.0489900379027681	0.020602133910427593
1788	1.0727946278149445	0.017484835220061973
1790	1.0989152360019174	0.0160823657733998
1792	1.1322137716991134	0.019294382519381488
1794	1.1629117605514419	0.012228271697258071
1796	1.1921589884940278	0.01583266695839372
1798	1.2254391533066067	0.013403439034307262
1800	1.255755617883815	0.01959593098487207
1802	1.2916101766687518	0.02451212157799219
1804	1.327047323931439	0.027532577928803474
1806	1.3626921768965579	0.031169327016065545
1808	1.4005557976986003	0.022786366941014494
1810	1.4448944493244849	0.02713087480480989
1812	1.480904854506961	0.019774876237091135
1814	1.516665031301753	0.02398541684889606
1816	1.5587487043197055	0.0234483092751556
1818	1.6030046283856556	0.028916720368588573
1820	1.6420771607856146	0.025586284443083137
1822	1.6827974500560334	0.026171545223741245
1824	1.7244580252322954	0.027420227292757816
1826	1.7742672624075857	0.033608480192539474
1828	1.8159788677297823	0.030102689068195212
1830	1.8662129120495041	0.02805579044694732
1832	1.9207663910144666	0.03283392326967953
1834	1.9789275273628046	0.03276096294828582
1836	2.039746194805738	0.027819462959186497
1838	2.1108321732200177	0.031172401337803163
1840	2.186011687489668	0.035804873362921395
1842	2.2622653006109243	0.04435862693870217
1844	2.351444262804917	0.05020182465510426
1846	2.44962695198374	0.04478903777006883
1848	2.563218319217077	0.05468420379400381
1850	2.674738775946835	0.055474116721856974
1852	2.8100577789181216	0.04663755764684232
1854	2.956671351439315	0.04324071071889123
1856	3.107623906303616	0.04349777076581118
1858	3.276150758379954	0.04490962721818573
1860	3.4632720565727197	0.049852824661451516
1862	3.669662058888964	0.06380813632158276
1864	3.895133045187826	0.06367827010422066
1866	4.147953732559771	0.07633338310281386
1868	4.4145697874653465	0.08148913303543845
1870	4.704034435626814	0.08663097452109948
1872	5.017774313571458	0.09083154626529512
1874	5.338414782955038	0.0961649094350557
1876	5.6700562396553496	0.10559211397160469
1878	6.021233297648929	0.11354969093368811
1880	6.367253148841087	0.11908923949096713
1882	6.746526596733922	0.13640968842909992
1884	7.083761684811712	0.13760642413277308
1886	7.439918884886452	0.15324908857465946
1888	7.780853993000403	0.16330919293129256
1890	8.128358243380253	0.1355089935068727
1892	8.492591806329697	0.1631775720686501
1894	8.855999848874688	0.16063781063042276
1896	9.25980353019114	0.1627764695408047
1898	9.663712135970599	0.18181244175365302
1900	10.099997563527248	0.2271745906015832
1902	10.543607567359471	0.20829776559844107
1904	10.993723692761591	0.3023941350804109
1906	11.481556123088277	0.25670150082559867
1908	11.977689317878864	0.2239102507638828
1910	12.473317412535716	0.23782175506588327
1912	12.97154846214157	0.25892697603802556
1914	13.4527443339906	0.27995742098487997
1916	14.005078837380424	0.2435656846589108
1918	14.415235967025254	0.24392219496836218
1920	14.863517339153868	0.29043210372349276
1922	15.331829428066632	0.31685618136621735
1924	15.811448419467098	0.3103709520346126
1926	16.17533708559374	0.29297454142943513
1928	16.645229479029336	0.316132895966328
1930	16.997525451965945	0.431755075255737
1932	17.353160396184705	0.464812515985486
1934	17.78959562762618	0.4971518038084613
1936	18.043783604957998	0.5343439440600568
1938	18.393377143121636	0.5047313838263499
1940	18.648446043102123	0.5910479938615814
1942	18.95963989842302	0.4869657571748621
1944	19.27898798713134	0.5220251266555823
1946	19.41802131664168	0.61969491890662
1948	19.724866406874007	0.6556274500572659
1950	19.919178940111248	0.5980161742501319
1952	20.167517415862417	0.8017310685819732
1954	20.456267765897305	0.9118347107818054
1956	20.531349073804524	0.6702894587215011
1958	20.766767888729003	0.583158949841911
1960	21.046986677701206	0.6180148800335192
1962	21.2625656810128	0.7724317339883875
1964	21.357254240825636	0.4949228365568866
1966	21.602532761387668	0.6796316315341008
1968	21.52470983085969	0.4904646967870863
1970	21.865542144781234	0.8781482038973377
1972	22.016912852231616	0.7401675931407962
1974	22.219435046043657	1.0626985042901274
1976	22.31649479614249	1.2007191936873025
1978	22.41196513647002	1.6766273537445473
1980	22.4415549154412	1.269755969712609
1982	22.384326166432412	1.5816355579693842
1984	22.479076848991923	1.2800958631357289
1986	22.381212556571256	0.9714476817988965
1988	22.55928986940371	0.7967810783090064
1990	22.593479810039838	0.796735925589796
1992	22.35156834792356	0.9513077676696674
1994	22.03061756829128	0.7455022805797662
1996	21.820921660487446	1.1550350653748125
1998	21.845017230203396	1.147275990927676
2000	21.634685139667937	1.2831448589413705
2002	21.90165758737069	0.9828334979449149
2004	21.58641023842419	0.660051165876047
2006	21.552991012190244	1.0176985292914582
2008	21.274332017083925	0.6258053967341668
2010	20.883583395348165	0.8407914247211401
2012	20.76408130819447	0.9968491870275642
2014	20.467000154157102	0.39515025157159994
2016	20.32621845636601	0.8967019881039647
2018	20.086565573840534	0.509441429666613
2020	19.849847066910147	0.8265127919833672
2022	19.65112665475922	0.7351322102010232
2024	19.390255263760505	0.619690906935446
2026	19.11937363406163	0.4213035542388677
2028	18.83029341467126	0.48288275284304155
2030	18.510636530954567	0.2707234368077139
2032	18.3036094733414	0.25327804897528566
2034	17.921068318061536	0.4076843433240363
2036	17.528353453255487	0.3192424238075647
2038	17.2145080885803	0.24077714736275846
2040	16.957011849353457	0.2941216630370935
2042	16.575646541918346	0.32178620062925756
2044	16.21681009760881	0.3089920364810807
2046	15.900111100442126	0.33725717885330797
2048	15.490060960874137	0.42631193114664817
2050	15.154874241392449	0.43026390417537413
2052	14.878201133865906	0.42338936478598366
2054	14.482577969735209	0.38857203426312287
2056	14.15851530559546	0.3609413891623094
2058	13.75617451712668	0.22773965516509953
2060	13.395326712718893	0.2755921857486537
2062	13.045503427653593	0.2684611612847805
2064	12.686681230604279	0.3041972167303127
2066	12.428049586225443	0.2642087472208565
2068	12.106766019217616	0.3078794935838352
2070	11.789945750888391	0.25440961872814033
2072	11.471014740322213	0.20044586272278017
2074	11.173142765372724	0.22373192903379235
2076	10.852506493091434	0.2940700226291222
2078	10.58685015217645	0.24573349806369385
2080	10.357827350403104	0.253813206637149
2082	10.07735530331707	0.24856736325068982
2084	9.86229755895966	0.20642129248772043
2086	9.588236638248592	0.15802326993908875
2088	9.333387174116114	0.19081673367872454
2090	9.123545489800923	0.14746166165147212
2092	8.91842701032197	0.20084202236297055
2094	8.71129377895758	0.14540315775902407
2096	8.505531517421739	0.1778766522052365
2098	8.311482598140154	0.18858815417462896
2100	8.097962345510835	0.19116212737470092
2102	7.900538463695856	0.1556215059266102
2104	7.706666151535281	0.19643732251787724
2106	7.536625838794911	0.16125764107830837
2108	7.372837992521134	0.15448779228757356
2110	7.211564143940875	0.17600059567805648
2112	7.075855717141915	0.14565570357343666
2114	6.924256591252707	0.12462291018594732
2116	6.7652730969165935	0.12831115377268673
2118	6.612782384683432	0.10857540905720273
2120	6.480150470902661	0.09241078517693131
2122	6.354414522235195	0.11263120878597634
2124	6.225031202761195	0.11069283459545362
2126	6.1061694817051695	0.1240715766397949
2128	5.998555838422728	0.10456520342471143
2130	5.870200798336614	0.10079468335099259
2132	5.767837052008583	0.07816675601395319
2134	5.65812156720627	0.09217202977980958
2136	5.551266376301075	0.08943116885135184
2138	5.447010606354183	0.09893434720568173
2140	5.353902570354791	0.09296652797674382
2142	5.251284287167032	0.09186450019292897
2144	5.159710377736975	0.09268515940077637
2146	5.057121815718319	0.09481968102230585
2148	4.973837673312494	0.0886057787050928
2150	4.8949604417460915	0.06923125245666814
2152	4.810189977206612	0.0926381666130017
2154	4.7368295101425035	0.09430134375976594
2156	4.656879870899664	0.0823885354782427
2158	4.571380286100858	0.07672378316286564
2160	4.488870547289818	0.06219168618512363
2162	4.4210054630308155	0.07393682507112694
2164	4.350506204516994	0.0759076918113918
2166	4.286765789394877	0.06509197332942239
2168	4.226272502895791	0.06449469703725486
2170	4.170351475513413	0.06995385941225682
2172	4.107022363038555	0.056604177504704555
2174	4.038977918171713	0.0731504976401097
2176	3.981096904371213	0.057233851835259614
2178	3.9358533350460445	0.05497862857710726
2180	3.8773616416697316	0.06759696043499569
2182	3.81487994989703	0.05786777807520763
2184	3.775108800363169	0.07903391374858956
2186	3.7210283977440284	0.06651825657488483
2188	3.663799989634434	0.0673463752918086
2190	3.620098535513066	0.06287931972510757
2192	3.561089312484554	0.07408897725567876
2194	3.5295888411574077	0.07712294120892413
2196	3.4762873936483456	0.07524697968735064
2198	3.4431436889713454	0.07227165336552956
2200	3.4059551916994137	0.061462397714559025
2202	3.3693527332200723	0.04879642576060462
2204	3.319935575817869	0.03698326912135089
2206	3.2899818016689473	0.0437510271034534
2208	3.24727403947986	0.0547468174767165
2210	3.210686062649115	0.060204590054810714
2212	3.1716768563523345	0.054765525563031645
2214	3.1431903323109878	0.05560238994306738
2216	3.103150875278296	0.06111294235056062
2218	3.068571983319483	0.044461585633221376
2220	3.033835760426372	0.04454116764783961
2222	3.0064120567299777	0.04708837303091695
2224	2.970602701549268	0.036821177468965516
2226	2.9443580527235973	0.032970559889871645
2228	2.9140358233591095	0.03473562134713001
2230	2.890512756686505	0.050649584023413914
2232	2.8632623686655685	0.0451828730525041
2234	2.829658413912314	0.048742607365360936
2236	2.804159868996397	0.04800178082613825
2238	2.7840262102867332	0.04051492093983516
2240	2.7624091106057995	0.04989560711144098
2242	2.738039533529097	0.05108345589406559
2244	2.7225499780674536	0.04581656206927114
2246	2.7104153659901176	0.041049692406051136
2248	2.690086407584453	0.04302787679933994
2250	2.6708540137291905	0.04653017654924466
2252	2.660364973827377	0.04855908865978403
2254	2.6420150054418277	0.04767351041876467
2256	2.627815241017819	0.04591549102996568
2258	2.6180711232136	0.044426544240192885
2260	2.6019111022894656	0.05242280926910844
2262	2.591140208861189	0.04411637174996285
2264	2.579067204891689	0.04522085283578865
2266	2.576376348692992	0.04848479616904141
2268	2.5691381306148	0.041013829498646
2270	2.557819914653845	0.03637200973951021
2272	2.5481134536863723	0.04345115873744763
2274	2.545927541991422	0.032275761631207295
2276	2.5343175824734394	0.027219002054217123
2278	2.538810342030986	0.03246238167652585
2280	2.5412948409049245	0.029092299062990358
2282	2.536598621425478	0.04262175313443499
2284	2.538040989216718	0.03513423019950334
2286	2.5458912475080937	0.02712125332761451
2288	2.542025958675232	0.030924843511639894
2290	2.552177087124429	0.03668038778602556
2292	2.560915086331158	0.04754948544257984
2294	2.55685923984464	0.05374527797953914
2296	2.564708197594699	0.05272022875508465
2298	2.5681013457373045	0.06307996291496261
2300	2.5593841876439263	0.05877370927801369
2302	2.5631134020257758	0.04532331850371466
2304	2.5645866789918834	0.07247540353163186
2306	2.5753877591684025	0.06054094989816977
2308	2.5848951117235317	0.06639618581145797
2310	2.610167375776418	0.0543704588450191
2312	2.625958963469772	0.04797678329935214
2314	2.646347715405467	0.054495089719389656
2316	2.658969379573946	0.054382264490369904
2318	2.6749489360899417	0.06355644213154667
2320	2.6928643531525442	0.045442823134010296
2322	2.7067670416189475	0.06585870646600488
2324	2.7191158776820434	0.0700763980274907
2326	2.748212200843405	0.0549206311426275
2328	2.7684030305622556	0.07238332744987883
2330	2.788003637501289	0.0610523879199981
2332	2.8190621525495594	0.049579541744302624
2334	2.861784088310382	0.053717693814992466
2336	2.8869213781160803	0.07942293751899367
2338	2.916130463185263	0.08784208496102618
2340	2.933403016798765	0.0842001097208376
2342	2.977283936523864	0.0878115439173561
2344	3.0082579282611044	0.07580628639030204
2346	3.0486147955380685	0.05407887204392623
2348	3.111022534091172	0.07812653932593543
2350	3.1713389006651425	0.08172453616427931
2352	3.218995099343234	0.0576788705793797
2354	3.2731759112586745	0.06854757732426323
2356	3.3336736274155054	0.07681867459935472
2358	3.4004029195777896	0.09243786756865793
2360	3.4646135444320176	0.07991397900345601
2362	3.5365762102535565	0.08677371204260073
2364	3.617841221947336	0.08569278585832814
2366	3.6790308584304294	0.11261880842291695
2368	3.740865736784271	0.11698982347089466
2370	3.8144838784842707	0.11662643466744343
2372	3.892871303291147	0.09806256703377345
2374	3.9732884663639276	0.08958381938197876
2376	4.050061611844545	0.10601009653202097
2378	4.155427143867427	0.0864601815878279
2380	4.240068990893527	0.09804521882585462
2382	4.331137541164773	0.09459184667628141
2384	4.436793899887506	0.0874787110805793
2386	4.510092960677404	0.09078568940629625
2388	4.586658326563694	0.10066690869215253
2390	4.689423884447126	0.11271251151045557
2392	4.783016903814777	0.13930189387280192
2394	4.850297451818608	0.1434129476448711
2396	4.970043538178554	0.1426452676345046
2398	5.091020635749859	0.13965247871261757
2400	5.177822446376298	0.12759900158244206
2402	5.279329628286598	0.0925912373396615
2404	5.406172779324559	0.1111316548005831
2406	5.513410507442451	0.12246933442126012
2408	5.573439937007412	0.13310341906093617
2410	5.647976704141132	0.14576280512884227
2412	5.722976615702564	0.14506348697673266
2414	5.806815809018235	0.14095819331642567
2416	5.865206831636516	0.08779521094643797
2418	5.964063292819998	0.1372510829950536
2420	6.0655794014730136	0.12529441954514048
2422	6.125398128721398	0.16301054223630873
2424	6.174690021024486	0.14490423942282113
2426	6.248870493568982	0.18370932502264437
2428	6.3365268496450975	0.19746804193610218
2430	6.406359991562435	0.19159782049413346
2432	6.486480602614816	0.18160147687073508
2434	6.5953623734851865	0.19094096769705887
2436	6.668793158851572	0.2208256695556644
2438	6.7230002829647795	0.17101805702665537
2440	6.735488140206663	0.19730450027400992
2442	6.79086537888118	0.2959443858639828
2444	6.860671336197446	0.2752795873934345
2446	6.918458081318217	0.20084704229015757
2448	7.009470888499873	0.23675464382041445
2450	7.174052002474681	0.1948327588074404
2452	7.289766645240992	0.23698551533717785
2454	7.331865748560719	0.23511681845132823
2456	7.444294842971337	0.29045661269728135
2458	7.54625640704441	0.17022795747017672
2460	7.562147401715713	0.15174362462486893
2462	7.661041915344437	0.15547851311052238
2464	7.786069433692945	0.26010300061496355
2466	7.800812120817433	0.2543022140605858
2468	7.883333788300334	0.3824364635725025
2470	8.061078678023192	0.4315211762214826
2472	8.181590970640231	0.3713546272447351
2474	8.2832010840424	0.40355706927148405
2476	8.485713000316878	0.3793502551175626
2478	8.583906434104911	0.3592556298164237
2480	8.716511702767306	0.5657561795657592
2482	8.853951643297615	0.46991175846014394
2484	8.978337169535012	0.5765780575756396
2486	9.080892169630646	0.5603285447946577
2488	9.227929405324263	0.6220972271997025
2490	9.328324803999383	0.6664951214959501
2492	9.45970129856935	0.6333607551659451
2494	9.571484537984517	0.5975373508634957
2496	9.73008580338689	0.5002921457291949
2498	9.83585562793625	0.7417163698028401
2500	9.897026943304978	0.7842725971062666
