nm	mua[cm-1]	mua_std[cm-1]
450.0	0.1548	0.0047113993622508
452.0	0.1565	0.0061436105522147
454.0	0.1397	0.0086741136096768
456.0	0.1427999999999999	0.0065515807158687
458.0	0.1345	0.0171295787787033
460.0	0.133	0.0072628430307207
462.0	0.1314	0.0077006493232713
464.0	0.1251	0.0050607421502296
466.0	0.1176	0.0048152535412651
468.0	0.114	0.0072128143853855
470.0	0.1115	0.0056425849955582
472.0	0.1038999999999999	0.0042406221882183
474.0	0.09346	0.0062744646124461
476.0	0.08842	0.004417072378291
478.0	0.08499	0.0050371643502429
480.0	0.07195	0.0069480683877598
482.0	0.07138	0.0057205127975266
484.0	0.06159	0.0058373036224139
486.0	0.0558	0.0039841073167161
488.0	0.04929	0.0053269190595189
490.0	0.04109	0.0042639143321716
492.0	0.04188	0.0045500356802291
494.0	0.0367	0.0027159083240587
496.0	0.0304	0.0059869506242976
498.0	0.03191	0.0034793755648086
500.0	0.02598	0.0042196263950236
502.0	0.0233	0.0059114248037065
504.0	0.02321	0.0033986631358684
506.0	0.01776	0.0026133408919013
508.0	0.0113499999999999	0.0032578745551791
510.0	0.01668	0.0031548297287308
512.0	0.01277	0.0040251799898411
514.0	0.01317	0.0040057516426036
516.0	0.00895	0.004315574467861
518.0	0.008708	0.0040773261663333
520.0	0.0084125	0.0041737630122937
522.0	0.0107599999999999	0.0044973068093034
524.0	0.007442	0.0037411135036127
526.0	0.0064899999999999	0.0030759468802104
528.0	0.006022	0.0031692782564278
530.0	0.008699	0.0024213188070619
532.0	0.0039369999999999	0.0018073983444471
534.0	0.004319	0.0017044994703561
536.0	0.0047775	0.0025091688084652
538.0	0.002851	0.0016023611816085
540.0	0.003364	0.0021348386310626
542.0	NaN	0.0011216408608519
544.0	NaN	0.0005329295332296
546.0	NaN	0.000657599998889
548.0	NaN	0.0023207529463954
550.0	NaN	0.0014833190982831
552.0	NaN	0.0018958355430632
554.0	NaN	2.517000000000001e-13
556.0	NaN	0.0012323846148998
558.0	NaN	8.885188166268625e-13
560.0	NaN	0.0004919024285296
562.0	NaN	1.5257190415923734e-12
564.0	NaN	1.283269426591505e-12
566.0	NaN	1.1586202180179665e-12
568.0	NaN	2.1084644228021082e-13
570.0	NaN	3.4047861013835785e-05
572.0	NaN	5.317805050958525e-13
574.0	NaN	8.400371001330833e-13
576.0	NaN	8.503195046569259e-13
578.0	NaN	2.1916027298089684e-12
580.0	NaN	3.167823200337063e-12
582.0	NaN	5.835672313190555e-13
584.0	NaN	1.3209865132404894e-12
586.0	NaN	9.774515735287094e-13
588.0	NaN	9.508706780630057e-13
590.0	NaN	1.1538687722586785e-12
592.0	NaN	5.186124596640058e-12
594.0	NaN	1.7857709210310264e-12
596.0	NaN	1.5687874770545773e-12
598.0	NaN	3.030816760464117e-12
600.0	NaN	1.530139159974964e-12
602.0	NaN	1.2230044380768024e-12
604.0	NaN	1.0902892574908737e-12
606.0	NaN	0.0004503561848252
608.0	NaN	8.081128045625556e-13
610.0	NaN	1.6547462349377974e-12
612.0	NaN	1.4219884314521245e-12
614.0	NaN	3.892076395276263e-13
616.0	NaN	7.17114945671977e-13
618.0	NaN	3.013801758576698e-13
620.0	NaN	5.473940853920714e-13
622.0	NaN	1.3077278004233145e-13
624.0	NaN	1.615053382576387e-12
626.0	NaN	5.654574554089379e-13
628.0	NaN	3.292508381158657e-13
630.0	NaN	5.400788381602925e-13
632.0	NaN	5.16837169715956e-13
634.0	NaN	1.0372539093683862e-12
636.0	NaN	4.4813246708485154e-13
638.0	NaN	6.791537083693475e-13
640.0	NaN	9.9911403597137e-13
642.0	NaN	2.946574998574145e-13
644.0	NaN	5.200199056019128e-13
646.0	NaN	0.0009354217700788
648.0	NaN	2.1136880864183028e-12
650.0	NaN	0.0009864445118885
652.0	NaN	5.230431199300135e-13
654.0	NaN	0.0003706655346383
656.0	NaN	5.550190797521192e-13
658.0	NaN	0.0011497116182235
660.0	NaN	0.0013965590801275
662.0	NaN	2.490995160350355e-13
664.0	NaN	6.604420198624557e-13
666.0	NaN	0.0003479325213746
668.0	NaN	8.451236728432116e-13
670.0	NaN	2.624594437086171e-13
672.0	NaN	3.8654035721396797e-13
674.0	NaN	0.0005927765167132
676.0	NaN	0.0006207999995205
678.0	NaN	0.0004919349547285
680.0	NaN	0.0013301514713747
682.0	NaN	4.611001843417545e-13
684.0	NaN	0.0011810254591827
686.0	NaN	0.000983645094976
688.0	NaN	3.044754268501081e-13
690.0	NaN	0.0009726895699071
692.0	NaN	2.8595798321303305e-13
694.0	NaN	3.1689956980682385e-13
696.0	NaN	0.0004703020303755
698.0	NaN	1.3514812362737412e-12
700.0	NaN	0.0012883797250328
702.0	NaN	0.000649272496735
704.0	NaN	0.0009878442201409
706.0	NaN	0.0005417175807206
708.0	NaN	0.0007364117202983
710.0	NaN	0.0017952315731175
712.0	NaN	0.0009488381780667
714.0	NaN	0.0012680696942846
716.0	NaN	0.000975117715574
718.0	NaN	4.963999979400001e-05
720.0	NaN	0.0011157979206091
722.0	NaN	0.001276097558377
724.0	NaN	0.001776085684396
726.0	NaN	0.0014407938144125
728.0	NaN	0.0024852426068424
730.0	NaN	0.0023356594794612
732.0	NaN	0.0024048487182069
734.0	NaN	0.0033366051735575
736.0	NaN	0.0036314620034614
738.0	NaN	0.0025167645813113
740.0	NaN	0.0059532353986344
742.0	NaN	0.0061785347707867
744.0	NaN	0.007405776200987
746.0	NaN	0.0068655276661522
748.0	NaN	0.008032599395785
750.0	NaN	0.0085366494398495
752.0	NaN	0.0081302120778956
754.0	NaN	0.0083817864649672
756.0	NaN	0.0083446840724001
758.0	NaN	0.0085866602460816
760.0	NaN	0.0088686786518624
762.0	NaN	0.0093151667789925
764.0	0.01625	0.0089963751720736
766.0	NaN	0.0083649324833909
768.0	NaN	0.0088562623981941
770.0	NaN	0.007840462553697
772.0	NaN	0.0076804117725593
774.0	NaN	0.0070957961802724
776.0	0.01078	0.0065021169627874
778.0	NaN	0.0057835443955191
780.0	NaN	0.0069673254145517
782.0	NaN	0.0074248486044351
784.0	NaN	0.0079538418385944
786.0	NaN	0.0090388594716653
788.0	NaN	0.0082800528373999
790.0	NaN	0.0083189215375749
792.0	NaN	0.010356957001079
794.0	NaN	0.0094001196255487
796.0	NaN	0.010512325172842
798.0	NaN	0.0116807168963562
800.0	NaN	0.0111641624052395
802.0	NaN	0.010561328435813
804.0	0.01999	0.010215066127788
806.0	NaN	0.0115596546332091
808.0	NaN	0.0121978380865785
810.0	NaN	0.0101307836217202
812.0	NaN	0.0112023218075282
814.0	NaN	0.0115538952512576
816.0	NaN	0.0123635268393223
818.0	NaN	0.0123391324199848
820.0	0.0241699999999999	0.0138543950910651
822.0	NaN	0.0134424661497333
824.0	NaN	0.0132618874538456
826.0	NaN	0.0137024885966799
828.0	NaN	0.0154182657953392
830.0	NaN	0.0143682967842199
832.0	NaN	0.0154621753701193
834.0	NaN	0.0154238570786253
836.0	NaN	0.0155837045408068
838.0	NaN	0.0156203427197887
840.0	NaN	0.0145450819686152
842.0	NaN	0.0142545097502133
844.0	NaN	0.0134693774817286
846.0	NaN	0.0135312408773622
848.0	NaN	0.0149437887764066
850.0	NaN	0.0131715875156537
852.0	NaN	0.0124404744639697
854.0	NaN	0.0129617839391821
856.0	NaN	0.0117984779818203
858.0	NaN	0.0119688492275202
860.0	NaN	0.0128041493880482
862.0	NaN	0.0113991384935468
864.0	NaN	0.0119212277684042
866.0	NaN	0.0119300790358852
868.0	NaN	0.0121852952638279
870.0	NaN	0.0128922010399435
872.0	NaN	0.0143402743331714
874.0	NaN	0.0137763376114399
876.0	NaN	0.0142376587633546
878.0	0.01685	0.0140694168805258
880.0	0.01855	0.0148154062289359
882.0	0.01657	0.0145209828596371
884.0	0.02456	0.0138892706614196
886.0	0.02852	0.0133529012892144
888.0	0.03461	0.0143208434816071
890.0	0.03844	0.0133760153877872
892.0	0.03877	0.0146602334375836
894.0	0.04347	0.0141912472589773
896.0	0.04976	0.0162272195499101
898.0	0.0518	0.0168191302750729
900.0	0.05478	0.0170277451875707
902.0	0.05245	0.0165841690092809
904.0	0.0559099999999999	0.0166385479096948
906.0	0.0579999999999999	0.0159683228090282
908.0	0.06758	0.0162088152360999
910.0	0.07582	0.0164843297830109
912.0	0.09041	0.0158731049807022
914.0	0.0963999999999999	0.0146635270208554
916.0	0.1054	0.0158009141788976
918.0	0.1074999999999999	0.0179785537533397
920.0	0.1197	0.0162911321784067
922.0	0.1284	0.0162004801026252
924.0	0.1369	0.0171684465096745
926.0	0.1435	0.0161233287008316
928.0	0.1486	0.0182995513673672
930.0	0.1538	0.0160947886665908
932.0	0.1514	0.0145537657932726
934.0	0.1442	0.0168970375078949
936.0	0.1277	0.0135208298379268
938.0	0.1129999999999999	0.0161663650220045
940.0	0.09863	0.0157795282284075
942.0	0.0805	0.0149971282024588
944.0	0.0648	0.0167631805520975
946.0	0.0539599999999999	0.0159641640349043
948.0	0.04641	0.0169755431920945
950.0	0.0436999999999999	0.0171618481551016
952.0	0.03921	0.0161578292760376
954.0	0.036	0.0170353514786164
956.0	0.03456	0.0170753174689862
958.0	0.03109	0.0167092310555912
960.0	0.02896	0.0176941603675085
962.0	0.02781	0.0182692850921369
964.0	0.02266	0.0176330441060085
966.0	0.02421	0.0173170374964749
968.0	0.02307	0.0177455228225858
970.0	0.02448	0.0175052932382758
972.0	0.02181	0.0180723841574874
974.0	0.02277	0.0176858077299774
976.0	0.02239	0.0184372624571431
978.0	0.02127	0.0183198316613107
980.0	0.02303	0.0188466324725547
982.0	0.02354	0.0195023389543756
984.0	0.02161	0.0194719803123347
986.0	NaN	0.0196344118423512
988.0	0.02316	0.0194806890135961
990.0	0.02402	0.019279578141996
992.0	0.02549	0.0197562980112953
994.0	0.02598	0.0202047057836155
996.0	0.0280899999999999	0.0194796075707677
998.0	0.03197	0.019191995888204
1000.0	0.03449	0.0199235238466777
1002.0	0.03908	0.0182910796581756
1004.0	0.04621	0.0196810173630441
1006.0	0.0456	0.0194012991801204
1008.0	0.0505599999999999	0.0188917229246495
1010.0	0.0531699999999999	0.0191016474630454
1012.0	0.05819	0.0184383230136462
1014.0	0.06757	0.0188605343390784
1016.0	0.0677	0.0189519070345681
1018.0	0.07047	0.0193442286030462
1020.0	0.07867	0.0191653837895949
1022.0	0.07617	0.0189535004096282
1024.0	0.07785	0.018936774921946
1026.0	0.07978	0.0191518273634143
1028.0	0.08141	0.0185367023316806
1030.0	0.09062	0.0179125369573076
1032.0	0.0897	0.0179473972114807
1034.0	0.0939	0.0181961205334855
1036.0	0.09667	0.0185357808802193
1038.0	0.0926699999999999	0.0193357290341986
1040.0	0.1003	0.018914061788345
1042.0	0.1005	0.0193245003449053
1044.0	0.09762	0.0188413859546307
1046.0	0.1023	0.0192587298787643
1048.0	0.09253	0.0201749665809688
1050.0	0.0933	0.0198773823325673
1052.0	0.09297	0.0197604693926354
1054.0	0.08491	0.0196428898329053
1056.0	0.08772	0.0195788817320229
1058.0	0.08403	0.0197985297496282
1060.0	0.08151	0.0196740354054729
1062.0	0.08495	0.0194310107880911
1064.0	0.07149	0.0201538598453662
1066.0	0.0736	0.0200536552500757
1068.0	0.072	0.0199433402975083
1070.0	0.06579	0.0197606921831082
1072.0	0.06973	0.0195866842523179
1074.0	0.06371	0.020281210485704
1076.0	0.06308	0.0202561625434743
1078.0	0.06665	0.0197853541668116
1080.0	0.05968	0.0207752397736902
1082.0	0.06466	0.0197895274087515
1084.0	0.06262	0.0197135998053108
1086.0	0.05575	0.0203588375568613
1088.0	0.06364	0.0203301356927087
1090.0	0.0549	0.0213008157265698
1092.0	0.05563	0.0205548679164262
1094.0	0.05968	0.0197175759159182
1096.0	0.0482699999999999	0.0211058347792356
1098.0	0.0567	0.0202559257600106
1100.0	0.05558	0.0203315662863027
1102.0	0.05266	0.0209719442807189
1104.0	0.05988	0.0223015754855077
1106.0	0.0527799999999999	0.0217838763002975
1108.0	0.05656	0.0218449175375468
1110.0	0.06298	0.021536562938637
1112.0	0.05434	0.0204190978748986
1114.0	0.06527	0.0208045746987306
1116.0	0.0645	0.020546104794394
1118.0	0.06406	0.0206612826320148
1120.0	0.07372	0.0204347129012869
1122.0	0.06934	0.0200262916693203
1124.0	0.07229	0.020884142723223
1126.0	0.0786	0.0205192479346215
1128.0	0.07867	0.0204187458049438
1130.0	0.09072	0.0199296668868855
1132.0	0.09499	0.0200010596632858
1134.0	0.1002	0.0197790716805215
1136.0	0.1173	0.0197961275674477
1138.0	0.1231	0.0195958864416004
1140.0	0.1429	0.0200743064083862
1142.0	0.1585	0.0202722275509265
1144.0	0.176	0.0195896672184188
1146.0	0.2043	0.0204990574911309
1148.0	0.2315	0.0201634861281353
1150.0	0.273	0.0192248103588392
1152.0	0.3108	0.0193923110637969
1154.0	0.3419	0.0194155213459696
1156.0	0.3809	0.0192797533409763
1158.0	0.422	0.0197582050466803
1160.0	0.4685	0.0201389678159372
1162.0	0.5357	0.019125550101021
1164.0	0.6001	0.0186662764509478
1166.0	0.6540999999999999	0.0184205802779873
1168.0	0.6927	0.0177673511090454
1170.0	0.7090000000000001	0.019516969507724
1172.0	0.7091999999999999	0.0192362505008989
1174.0	0.7184	0.0193579409169262
1176.0	0.7434000000000001	0.0190492798217779
1178.0	0.7702	0.0206573634974714
1180.0	0.8119	0.0192966190347645
1182.0	0.866	0.0183948664336306
1184.0	0.9362	0.017572544522284
1186.0	1.039	0.0188686165724471
1188.0	1.114	0.0171449881097641
1190.0	1.186	0.0189743166242693
1192.0	1.253	0.0191253177170413
1194.0	1.308	0.018879736344675
1196.0	1.3769999999999998	0.018202563921968
1198.0	1.4380000000000002	0.0171622612110568
1200.0	1.496	0.0180950849339103
1202.0	1.585	0.0172848324290045
1204.0	1.662	0.0175147204402116
1206.0	1.763	0.0176509363931649
1208.0	1.866	0.0193677853951118
1210.0	1.924	0.0205738657188502
1212.0	1.971	0.0188973837107444
1214.0	1.979	0.020449274791693
1216.0	1.932	0.0203894187033796
1218.0	1.885	0.0207513200532066
1220.0	1.726	0.0194009036317486
1222.0	1.5490000000000002	0.0224488444531996
1224.0	1.374	0.0213749593891751
1226.0	1.167	0.0212730630111543
1228.0	1.031	0.0228035085019827
1230.0	0.9013	0.022189742931319
1232.0	0.7814	0.0233010252516445
1234.0	0.7094	0.0242602606522184
1236.0	0.6233000000000001	0.0248242613307482
1238.0	0.5616	0.0246819522208454
1240.0	0.5214	0.0239858034143553
1242.0	0.4617	0.0248165267513405
1244.0	0.4375	0.0232685768079327
1246.0	0.4028	0.0238893488327815
1248.0	0.3611999999999999	0.0215725362669217
1250.0	0.3508	0.023150831251908
1252.0	0.3214	0.0226146461883051
1254.0	0.2995	0.0229374511806928
1256.0	0.2949	0.0231568137853928
1258.0	0.2582	0.0241613301898552
1260.0	0.2543	0.0242161562231131
1262.0	0.2433	0.0240995620061628
1264.0	0.2203	0.0240383027687064
1266.0	0.2207	0.0239259092993864
1268.0	0.2080999999999999	0.0245878972536901
1270.0	0.1966999999999999	0.0253439889870907
1272.0	0.1994	0.0246899889743911
1274.0	0.1825999999999999	0.0250961459831958
1276.0	0.1851	0.0244142035162594
1278.0	0.1814	0.0239524065132875
1280.0	0.164	0.0249288667023137
1282.0	0.1725	0.0240406959493354
1284.0	0.1631	0.0236483027344928
1286.0	0.1607	0.0237314606002711
1288.0	0.1685	0.02399079041406
1290.0	0.153	0.0241810506363256
1292.0	0.1523	0.0238507136834493
1294.0	0.1543	0.0241114592908808
1296.0	0.1422	0.024995871264009
1298.0	0.1469	0.0253953675176797
1300.0	0.1438	0.025236569585513
1302.0	0.1378	0.0253416701681949
1304.0	0.1403	0.0247725555034768
1306.0	0.1326	0.0252829665004272
1308.0	0.1288	0.0251093657210527
1310.0	0.1324	0.0253293174204843
1312.0	0.1206	0.0256348913459953
1314.0	0.1221	0.0254438573440272
1316.0	0.1208	0.0252328465142139
1318.0	0.1144	0.0250808843150454
1320.0	0.1221	0.024605825868413
1322.0	0.1127	0.025483779639044
1324.0	0.1115	0.0257747525044696
1326.0	0.1163	0.0259448750856479
1328.0	0.1099	0.0256049895793383
1330.0	0.1117	0.02522508588736
1332.0	0.1136	0.0251730261280689
1334.0	0.1093	0.0234120343118081
1336.0	0.1159	0.0237452425384512
1338.0	0.1154	0.0241839441687156
1340.0	0.1142	0.0242013590068363
1342.0	0.1234	0.0234649041846554
1344.0	0.1208	0.0242023745391507
1346.0	0.1283	0.0254405819484646
1348.0	0.1391	0.0251259494016312
1350.0	0.1403	0.0255554637679511
1352.0	0.1581	0.0258505104183435
1354.0	0.1724	0.0262851035125727
1356.0	0.1926999999999999	0.0257843238814728
1358.0	0.2268	0.0255271532990961
1360.0	0.2561	0.0250791832422582
1362.0	0.2853	0.0259204766760009
1364.0	0.3046	0.0258257599412526
1366.0	0.3232	0.0249463424172763
1368.0	0.3549	0.0248055897722794
1370.0	0.4013	0.0250275403860982
1372.0	0.4482	0.0248378941871955
1374.0	0.5052	0.0236599260092975
1376.0	0.5700999999999999	0.0255439055571208
1378.0	0.6356	0.0278532264239211
1380.0	0.7047000000000001	0.0253859978903506
1382.0	0.7657	0.0259572916086081
1384.0	0.8338	0.0245111312581765
1386.0	0.9149	0.0245558371024583
1388.0	1.022	0.0247863811670446
1390.0	1.131	0.0236632757090803
1392.0	1.24	0.0262810075534537
1394.0	1.293	0.0257370367705451
1396.0	1.272	0.0247206616236522
1398.0	1.122	0.0288679411231795
1400.0	1.012	0.026951469874481
1402.0	0.978	0.0264233809670222
1404.0	0.9735	0.0254661043180106
1406.0	0.9864	0.0264761947584785
1408.0	1.038	0.0259649669010541
1410.0	1.081	0.0255420254038005
1412.0	1.142	0.0231602042678469
1414.0	1.187	0.0278039876347811
1416.0	1.199	0.0305618175401598
1418.0	1.167	0.0255159112789463
1420.0	1.111	0.0255202654887695
1422.0	1.073	0.0280770544689844
1424.0	1.069	0.0324600419129066
1426.0	1.039	0.0258613826217994
1428.0	1.019	0.0258145857899399
1430.0	0.9999	0.0257018806056418
1432.0	0.983	0.027765206044016
1434.0	0.961	0.0271161197559179
1436.0	0.9388	0.0241654380275162
1438.0	0.9183	0.0263800195621376
1440.0	0.8792	0.0299508857223881
1442.0	0.8326	0.0272716376886724
1444.0	0.7898	0.0259546660806496
1446.0	0.7481	0.0268110719712382
1448.0	0.7135	0.0292073219299713
1450.0	0.6845999999999999	0.0281147252836974
1452.0	0.6676	0.0307558847124325
1454.0	0.6172	0.0287472038361135
1456.0	0.5843	0.024609834428888
1458.0	0.5578000000000001	0.0270637154019551
1460.0	0.5333	0.0262170616390863
1462.0	0.5104	0.0266301416527296
1464.0	0.4969	0.0288554935180953
1466.0	0.4659	0.0315161726071309
1468.0	0.4392	0.0264266606869223
1470.0	0.4265	0.0279122743918942
1472.0	0.3998	0.0294924095696201
1474.0	0.3927	0.0268366986617528
1476.0	0.3621	0.0293697921572152
1478.0	0.3413	0.0254173946465267
1480.0	0.3359	0.0267042651607899
1482.0	0.3211	0.0295117971807801
1484.0	0.3069	0.0260764592764251
1486.0	0.2953	0.0289539481092149
1488.0	0.2758	0.0287547484001435
1490.0	0.2734999999999999	0.0288667350952914
1492.0	0.2612	0.0306379857830032
1494.0	0.2501	0.0289197356680712
1496.0	0.2426	0.0250419697091418
1498.0	0.239	0.0271635012925273
1500.0	0.2297	0.0282976681846995
1502.0	0.2243	0.0297235077603611
1504.0	0.2199999999999999	0.0288795625971459
1506.0	0.2135	0.0297559621580384
1508.0	0.21	0.0288783955301374
1510.0	0.2102	0.0285788491245527
1512.0	0.2111	0.0285489875715063
1514.0	0.2108	0.0298872738101431
1516.0	0.2096	0.0298956993480027
1518.0	0.2068	0.0281436702091164
1520.0	0.2058	0.0283301959047232
1522.0	0.2061	0.0289036116330139
1524.0	0.2072	0.0283866165648532
1526.0	0.2135	0.0293660717979015
1528.0	0.2071	0.0290472072136647
1530.0	0.2068	0.0285888089993269
1532.0	0.213	0.029000808843552
1534.0	0.2138	0.0314861560799561
1536.0	0.2213	0.0322001878684803
1538.0	0.2216	0.0320439551511419
1540.0	0.2219	0.0311639788898483
1542.0	0.2208999999999999	0.0299563179922753
1544.0	0.2208999999999999	0.0292231051831117
1546.0	0.2069	0.029861499222284
1548.0	0.1839	0.032619130189522
1550.0	0.1747	0.033512518390728
1552.0	0.1658	0.0316493207853318
1554.0	0.164	0.0304790557515513
1556.0	0.1651	0.0303360112778017
1558.0	0.1646	0.0306425629911511
1560.0	0.1575	0.0300745000882068
1562.0	0.1528	0.0299313824325069
1564.0	0.1523	0.0319960066952806
1566.0	0.1406	0.0297529052840139
1568.0	0.1433	0.0306964629803854
1570.0	0.1432	0.0317052803173225
1572.0	0.143	0.0318050107085792
1574.0	0.1427999999999999	0.0317702817110582
1576.0	0.1313	0.0305028063473138
1578.0	0.1251	0.032466838390298
1580.0	0.1247	0.0306135842921059
1582.0	0.1196	0.0322862502554191
1584.0	0.1252	0.0331568754205567
1586.0	0.1255	0.0325917712859481
1588.0	0.1245	0.0305900073654336
1590.0	0.1233	0.0323951378381934
1592.0	0.1298	0.0326206171267251
1594.0	0.1324	0.0317950902724319
1596.0	0.1301	0.0326368164448421
1598.0	0.1282	0.0337279699659598
