nm	musp[cm-1]	musp_std[cm-1]
450.0	17.59	0.975408746230124
452.0	17.62	0.974517291081736
454.0	17.43	0.8712244824185279
456.0	17.46	0.885192313623862
458.0	17.35	0.901997782702375
460.0	17.29	0.8581893083049268
462.0	17.330000000000002	0.8655505633859749
464.0	17.23	0.8892693630166283
466.0	17.18	0.8817757056427266
468.0	17.03	0.905478524331026
470.0	17.150000000000002	0.870593667179663
472.0	16.9	0.8898689042025606
474.0	16.85	0.9161931436892604
476.0	16.71	0.9218031176202004
478.0	16.72	0.9037207041509626
480.0	16.84	0.9211921958681564
482.0	16.67	0.9066176457336113
484.0	16.67	0.9254801890083412
486.0	16.55	0.9209750603183544
488.0	16.52	0.9083086982727976
490.0	16.419999999999998	0.8945514083730584
492.0	16.36	0.8892999049745003
494.0	16.31	0.9091442184145164
496.0	16.29	0.9091360707076408
498.0	16.21	0.8337347181489526
500.0	16.21	0.8612781200053787
502.0	16.14	0.8270981550122642
504.0	16.080000000000002	0.8143042171232394
506.0	16.07	0.8043600324036457
508.0	16.07	0.8131891189691827
510.0	16.02	0.8036874891690887
512.0	15.87	0.8025899434231344
514.0	15.98	0.7888247235250956
516.0	15.81	0.8305419917138455
518.0	15.78	0.8486343422897645
520.0	15.825	0.8061017305526643
522.0	15.7	0.8235619715526299
524.0	15.7	0.8618684841381643
526.0	15.58	0.8316085855173532
528.0	15.62	0.8331333093275718
530.0	15.45	0.794146797388537
532.0	15.59	0.632678143018281
534.0	15.44	0.8080429031513948
536.0	15.335	0.8466616428656726
538.0	15.29	0.6935589376541837
540.0	15.3	0.8091266510874547
542.0	15.23	0.7736852647484562
544.0	14.44	0.9238626641564328
546.0	15.2	0.928474016868538
548.0	15.009999999999998	0.9056128830121344
550.0	14.97	0.6211444342206288
552.0	14.92	0.8719389606047016
554.0	14.085	0.9350000000000004
556.0	14.74	0.6661951665990982
558.0	13.1	0.7858434958692476
560.0	14.72	0.7102816342831908
562.0	14.64	0.7647862179613819
564.0	14.57	0.8091870447982887
566.0	14.6	0.922032537386832
568.0	14.54	0.8391397711678044
570.0	14.46	0.6936958187050645
572.0	14.29	0.8241698853998494
574.0	14.35	0.8595207967233838
576.0	14.17	0.8392472817948234
578.0	14.13	0.7603516909151654
580.0	14.065	0.7924083148857031
582.0	14.04	0.7394537421196088
584.0	13.95	0.809456859976654
586.0	13.94	0.8007496487667037
588.0	13.78	0.8098493687100091
590.0	13.84	0.7173028910439442
592.0	13.795	0.7171645557332007
594.0	13.7	0.7870806820142393
596.0	13.68	0.784492556643192
598.0	13.63	0.7226481911437027
600.0	13.510000000000002	0.7376012171597575
602.0	12.715	0.7447762527542525
604.0	12.68	0.7331567022131081
606.0	13.37	0.6973009188496536
608.0	13.27	0.7663243838117704
610.0	13.19	0.6828481768688127
612.0	13.24	0.6488388372582935
614.0	13.03	0.1557776192739723
616.0	13.08	0.6671841528974972
618.0	12.9	0.5957717683811475
620.0	12.28	0.6750164607046426
622.0	11.57	0.7212951314591457
624.0	12.79	0.6467027831979063
626.0	12.75	0.6897825744392219
628.0	12.92	0.5979163821137538
630.0	12.669999999999998	0.616623458681162
632.0	12.565	0.6556437676055501
634.0	11.955	0.6668187326569508
636.0	12.48	0.5692294987280812
638.0	12.46	0.5650248323963206
640.0	12.45	0.5665010481014134
642.0	12.27	0.6032688731679542
644.0	12.68	0.673844690315704
646.0	12.235	0.6019066926581452
648.0	12.22	0.2027039439401435
650.0	12.23	0.5984128668266359
652.0	12.18	0.5655266644140348
654.0	12.105	0.5346546133304708
656.0	12.075	0.4804049217991927
658.0	12.045	0.576647398522027
660.0	12.08	0.6247219789797764
662.0	12.0	0.5596030339048876
664.0	12.25	0.5091168824543149
666.0	11.96	0.5171270715822806
668.0	11.92	0.5823057616063912
670.0	11.87	0.5422289598481066
672.0	11.76	0.4944673489560997
674.0	11.7	0.5649453648859534
676.0	10.82	0.6606784391820273
678.0	11.625	0.5555777773333512
680.0	11.65	0.524295658479069
682.0	11.48	0.5780685645372208
684.0	11.54	0.5543720727649697
686.0	11.45	0.5914734282506108
688.0	11.0	0.4104469108991643
690.0	11.675	0.65334396249857
692.0	11.41	0.457133928484234
694.0	11.375	0.5824463494606178
696.0	11.3	0.5219429947761713
698.0	10.44	0.5719930069502599
700.0	10.825	0.5913755152185458
702.0	11.17	0.5098178946587552
704.0	11.25	0.5685498919108476
706.0	11.185	0.5503280271801536
708.0	10.695	0.555020019658951
710.0	10.675	0.6185130017496264
712.0	11.035	0.5479481930093599
714.0	10.21	0.3802219746411299
716.0	10.19	0.6571879487635178
718.0	11.03	0.6070914263930929
720.0	10.489999999999998	0.6246799180380301
722.0	10.89	0.6235382907247964
724.0	10.895	0.5328329358251045
726.0	10.83	0.5886754415721823
728.0	10.84	0.6125739272337097
730.0	10.342	0.5677845101796987
732.0	10.81	0.6534245246200971
734.0	10.317	0.683495041841725
736.0	10.67	0.6375158101280822
738.0	10.64	0.5623767710823954
740.0	10.65	0.5929775781286044
742.0	10.489999999999998	0.6359141579855973
744.0	10.56	0.6546213424880194
746.0	10.098	0.6938165984049548
748.0	10.52	0.5826527302618884
750.0	10.52	0.6797839692858011
752.0	10.505	0.6945000000000002
754.0	10.47	0.6621257664615128
756.0	10.47	0.7042966238560282
758.0	10.45	0.6566305563252447
760.0	10.475	0.6997395497611952
762.0	10.45	0.7555299802260722
764.0	9.446	0.6452667665392353
766.0	10.22	0.6654368520615856
768.0	10.2	0.6471038461909355
770.0	10.2	0.6391714981768449
772.0	10.059	0.7802080384957167
774.0	10.07	0.5962927002529881
776.0	9.2575	0.6579268101392434
778.0	10.009999999999998	0.6016316702656754
780.0	9.9715	0.605396357769024
782.0	9.5315	0.5634732814330145
784.0	9.879	0.760874442116876
786.0	9.506	0.5698229744598071
788.0	9.821	0.5777025483542548
790.0	9.42	0.5807494200504106
792.0	9.41	0.6759122230980393
794.0	9.783	0.6941446946731331
796.0	9.371	0.6789381415121698
798.0	9.362	0.5656464345232703
800.0	9.359	0.5824220739482856
802.0	9.3155	0.5811614090193306
804.0	8.931000000000001	0.6021672193004196
806.0	9.643	0.6421137924456842
808.0	9.632	0.6495140370884993
810.0	9.2015	0.5512650350683322
812.0	9.141	0.5387802324592923
814.0	9.4895	0.650926155085967
816.0	9.435	0.6122480489714829
818.0	9.0915	0.5652125706316168
820.0	8.74	0.6010299826131806
822.0	9.4235	0.58597204231516
824.0	9.416	0.6291733553728338
826.0	9.337	0.6537386590794521
828.0	8.975999999999999	0.5370144835621802
830.0	9.297	0.5827113350536439
832.0	9.2875	0.5734509569265708
834.0	9.254	0.6192212153828766
836.0	8.893	0.5459882222986944
838.0	9.197500000000002	0.5885361076433623
840.0	9.148	0.6068117042744353
842.0	9.177	0.6167431384015811
844.0	9.1175	0.5881228613138579
846.0	9.0645	0.6453138286911263
848.0	9.072	0.5786872941191986
850.0	9.019000000000002	0.5671657468280329
852.0	9.0	0.5937286656336056
854.0	9.014	0.5809543871940381
856.0	8.959499999999998	0.5607468095094252
858.0	8.947000000000001	0.5921453358470636
860.0	8.933	0.6015696135943036
862.0	8.916	0.6070207757747852
864.0	8.886	0.6014985812201693
866.0	8.836	0.599444084028313
868.0	8.823	0.6008799925376935
870.0	8.816	0.6054900678146768
872.0	8.785	0.6036520336897557
874.0	8.7585	0.6131096965470374
876.0	8.743	0.5845980153115241
878.0	8.726	0.5906468101335921
880.0	8.717	0.5904939133711669
882.0	8.699	0.6014307221785787
884.0	8.647	0.5925532324891438
886.0	8.621	0.6003245418567823
888.0	8.632	0.5956051596257703
890.0	8.585	0.602826081013933
892.0	8.581999999999999	0.5869575247004416
894.0	8.547	0.5981073440961316
896.0	8.519	0.5876805632692341
898.0	8.52	0.5879347616450459
900.0	8.472	0.5887206048859545
902.0	8.437	0.5843002356940299
904.0	8.431999999999999	0.5852955568675443
906.0	8.378	0.5785655526951395
908.0	8.357	0.5801374251836933
910.0	8.333	0.5854167450902806
912.0	8.342	0.5882382569279054
914.0	8.292	0.5850324038719965
916.0	8.279	0.5945190607375399
918.0	8.265	0.5764363701995986
920.0	8.265	0.5753007157828391
922.0	8.212	0.5735369793367003
924.0	8.167	0.5745825108097138
926.0	8.156	0.5774024208085341
928.0	8.139	0.5749415429222156
930.0	8.103	0.579640309924085
932.0	8.068	0.5726437282518451
934.0	8.062000000000001	0.5724723725071375
936.0	8.041	0.5793430719890661
938.0	7.971	0.5879506782035377
940.0	7.981	0.5806240151023553
942.0	7.976	0.575371720963023
944.0	7.945	0.5743090534624097
946.0	7.917	0.5789822701394253
948.0	7.921	0.5709970703260988
950.0	7.894	0.5810603334517951
952.0	7.882	0.5773540754121872
954.0	7.854999999999999	0.5801189533190585
956.0	7.84	0.5748929905793635
958.0	7.837	0.5771877756805509
960.0	7.812	0.5712163975583213
962.0	7.765	0.5770892478637945
964.0	7.758000000000001	0.5685337433116443
966.0	7.744999999999999	0.5806324988884382
968.0	7.727	0.5754690840233438
970.0	7.705999999999999	0.5824015627098831
972.0	7.7	0.5745286849901778
974.0	7.679	0.5795761115986429
976.0	7.664	0.5832533490137907
978.0	7.625999999999999	0.5846727690884704
980.0	7.621	0.5897931840908303
982.0	7.578	0.584236591683308
984.0	7.576	0.5766468204677413
986.0	7.552	0.5766001888464638
988.0	7.546	0.5813163223810829
990.0	7.509	0.5847703147284872
992.0	7.51	0.582642829413241
994.0	7.481	0.5807464120093455
996.0	7.45	0.582058310260415
998.0	7.437	0.581404238795082
1000.0	7.42	0.5785779715265716
1002.0	7.4	0.5737268890420567
1004.0	7.376	0.5773910671671711
1006.0	7.369	0.5762056817268648
1008.0	7.362	0.5751689606831484
1010.0	7.335000000000001	0.5752392309635239
1012.0	7.329	0.5713521972770678
1014.0	7.305000000000001	0.5838127130772484
1016.0	7.284000000000001	0.5771973366467475
1018.0	7.25	0.578977643014919
1020.0	7.231999999999999	0.5845276239921231
1022.0	7.208	0.5842965381075299
1024.0	7.1930000000000005	0.5802802217915662
1026.0	7.167	0.5797867424033312
1028.0	7.151	0.5834834092661836
1030.0	7.143000000000001	0.5795959852973793
1032.0	7.099	0.575856463597194
1034.0	7.098	0.5705332788034562
1036.0	7.098	0.5710389708004521
1038.0	7.066	0.5691134322482925
1040.0	7.056	0.563553605850115
1042.0	7.003	0.5690799158442371
1044.0	6.997	0.5711272371264169
1046.0	6.978	0.5747914490287265
1048.0	6.959999999999999	0.5744292067611523
1050.0	6.9430000000000005	0.5678890954150801
1052.0	6.93	0.5693565569033953
1054.0	6.917	0.577030713605822
1056.0	6.921	0.566768117280279
1058.0	6.904	0.5663842433464327
1060.0	6.867	0.5699327445702109
1062.0	6.865	0.5667086258975302
1064.0	6.831	0.5681428050354772
1066.0	6.779	0.5743959145630013
1068.0	6.775	0.5769629296776546
1070.0	6.7620000000000005	0.5755620334255792
1072.0	6.734999999999999	0.5733322566742688
1074.0	6.739000000000001	0.5699640881041498
1076.0	6.707	0.5749798064086927
1078.0	6.702	0.5719385704733172
1080.0	6.683	0.5737734314320277
1082.0	6.646999999999999	0.579550421756403
1084.0	6.654999999999999	0.5745926307898708
1086.0	6.627999999999999	0.5783529188699856
1088.0	6.591	0.5735555986051902
1090.0	6.615	0.5680796979384817
1092.0	6.58	0.5741172934746578
1094.0	6.554	0.566522617856701
1096.0	6.552	0.5632804928099737
1098.0	6.542	0.5631831708694937
1100.0	6.523	0.562306186088665
1102.0	6.484999999999999	0.5608781694696758
1104.0	6.489000000000001	0.5671362977688112
1106.0	6.475999999999999	0.5599748010203477
1108.0	6.45	0.5643255124045141
1110.0	6.429	0.5639627647283106
1112.0	6.401	0.5611345869676526
1114.0	6.3870000000000005	0.5556261732895995
1116.0	6.398000000000001	0.554802756631068
1118.0	6.372999999999999	0.5559368025190107
1120.0	6.363	0.554993048560626
1122.0	6.352	0.5636855791119421
1124.0	6.333	0.5565822513062519
1126.0	6.327	0.560029584756439
1128.0	6.314	0.5590634584886444
1130.0	6.296	0.5609402380087243
1132.0	6.273999999999999	0.5564999972269367
1134.0	6.258	0.5547758306038776
1136.0	6.244	0.5565284148569684
1138.0	6.231	0.5510667320841247
1140.0	6.218	0.5510747971906947
1142.0	6.214	0.547635207951109
1144.0	6.196000000000001	0.5460636918488129
1146.0	6.159	0.5457917343492393
1148.0	6.151999999999999	0.5426547910248489
1150.0	6.146000000000001	0.5395991196031951
1152.0	6.118	0.5398993733403784
1154.0	6.104000000000001	0.5383575387288384
1156.0	6.090999999999999	0.5370162422538487
1158.0	6.069	0.5367761333032147
1160.0	6.051	0.5357224497908191
1162.0	6.04	0.5336330639246223
1164.0	6.021999999999999	0.5331542986536257
1166.0	6.0	0.5356270353405013
1168.0	5.972	0.5330775312475546
1170.0	5.954000000000001	0.5365143561182566
1172.0	5.939	0.5310582725924612
1174.0	5.938	0.5333337037035751
1176.0	5.908	0.5350858936472226
1178.0	5.899	0.5354365012899105
1180.0	5.888	0.5330728762167745
1182.0	5.878	0.5286020931092741
1184.0	5.854	0.5246817965722852
1186.0	5.823	0.5286156857395325
1188.0	5.81	0.5274609575394135
1190.0	5.789	0.5273059411343246
1192.0	5.77	0.5260358622708737
1194.0	5.743	0.5219042057696031
1196.0	5.73	0.5234263422894088
1198.0	5.708	0.519152609642642
1200.0	5.689	0.5154791610066296
1202.0	5.669	0.5157286347405563
1204.0	5.663	0.5176856618107599
1206.0	5.632000000000001	0.517397118060951
1208.0	5.617	0.5119936583326394
1210.0	5.603	0.5153900356903389
1212.0	5.5920000000000005	0.5174816749901557
1214.0	5.563000000000001	0.5135447616539597
1216.0	5.564	0.5116198675666229
1218.0	5.536	0.516346782695506
1220.0	5.542	0.5160432798386846
1222.0	5.534	0.514117246559456
1224.0	5.542	0.5247288776708676
1226.0	5.533	0.5220162714459398
1228.0	5.537	0.5206422197513898
1230.0	5.534	0.5200384126363016
1232.0	5.522	0.5163865907545541
1234.0	5.522	0.5191564620601049
1236.0	5.5120000000000005	0.515644795916293
1238.0	5.506	0.518082242386808
1240.0	5.488	0.5179849847673622
1242.0	5.496	0.514307085093894
1244.0	5.461	0.5194850251528186
1246.0	5.467	0.5150601067644891
1248.0	5.445	0.513396051964601
1250.0	5.44	0.5214902671818835
1252.0	5.421	0.5205877257935629
1254.0	5.427999999999999	0.5132712324148815
1256.0	5.4110000000000005	0.5088372365829107
1258.0	5.385999999999999	0.5136723507749054
1260.0	5.377	0.5096219610749491
1262.0	5.366	0.5109867964760338
1264.0	5.345	0.5108222130382875
1266.0	5.331	0.5132021477395086
1268.0	5.3180000000000005	0.5141245945930151
1270.0	5.315	0.512049573217378
1272.0	5.3100000000000005	0.5129150773210023
1274.0	5.303	0.5137225796953923
1276.0	5.28	0.5130944850778304
1278.0	5.271	0.5148621774109992
1280.0	5.258000000000001	0.516901452030376
1282.0	5.238	0.5144664982073935
1284.0	5.237	0.5157042170723184
1286.0	5.223	0.5125051761256229
1288.0	5.198	0.5132920858849266
1290.0	5.208	0.5170031162596822
1292.0	5.193	0.5177262253782828
1294.0	5.1770000000000005	0.5127931742000599
1296.0	5.158	0.5105096461041969
1298.0	5.154	0.5112322320254545
1300.0	5.144	0.5131764791623171
1302.0	5.126	0.5145435469699287
1304.0	5.118	0.5155562260532041
1306.0	5.119	0.5125145947936931
1308.0	5.101	0.5137232285536206
1310.0	5.083	0.5155947542569493
1312.0	5.072	0.5125638051218476
1314.0	5.057	0.5106666183154411
1316.0	5.047000000000001	0.5117354881934058
1318.0	5.048	0.5111933750222775
1320.0	5.038	0.5128760108146372
1322.0	5.021	0.5089806321959779
1324.0	5.011	0.5111426077251815
1326.0	4.985	0.5135297844392016
1328.0	4.989	0.5067144957931573
1330.0	4.978	0.5114188928369947
1332.0	4.97	0.5054487066574889
1334.0	4.933	0.5050025546934529
1336.0	4.922000000000001	0.5049101130124274
1338.0	4.922000000000001	0.5032732365398384
1340.0	4.9030000000000005	0.499938020849943
1342.0	4.893	0.5019680035054125
1344.0	4.878	0.498202794744628
1346.0	4.866	0.5009790414777848
1348.0	4.847	0.4944662167491049
1350.0	4.8580000000000005	0.4900976723012074
1352.0	4.835	0.4863225064161779
1354.0	4.812	0.4890809976090078
1356.0	4.808	0.4885811910490554
1358.0	4.784	0.4875444139312391
1360.0	4.783	0.4845084055635445
1362.0	4.754	0.4888131001861348
1364.0	4.722	0.4908389140096503
1366.0	4.73	0.4901805663776574
1368.0	4.713	0.4907771614717033
1370.0	4.711	0.4884392629388499
1372.0	4.666	0.4907083315643488
1374.0	4.676	0.4862048036693085
1376.0	4.687	0.4821571896752711
1378.0	4.656000000000001	0.4850428261606148
1380.0	4.638	0.4787887495197299
1382.0	4.614	0.480295767929885
1384.0	4.589	0.4806116730239849
1386.0	4.586	0.4770242895697306
1388.0	4.565	0.4725516497996753
1390.0	4.537	0.4769799540265919
1392.0	4.546	0.4732455578499298
1394.0	4.515000000000001	0.4693510360718599
1396.0	4.473	0.4701576830315339
1398.0	4.473	0.4726645771254029
1400.0	4.478	0.4706153838392586
1402.0	4.401	0.4727972185583829
1404.0	4.412	0.4732323314252449
1406.0	4.4030000000000005	0.4747760745737451
1408.0	4.393000000000001	0.4691662686663661
1410.0	4.377	0.4696518805337513
1412.0	4.325	0.4602115723860326
1414.0	4.321	0.4640364236448856
1416.0	4.301	0.4594659003454412
1418.0	4.29	0.4606053987236075
1420.0	4.273	0.4575754407205628
1422.0	4.284	0.4620966709827427
1424.0	4.249	0.4542115947876122
1426.0	4.218	0.4537160149501251
1428.0	4.19	0.4489102855186593
1430.0	4.198	0.4439290344799728
1432.0	4.162	0.4577648056414457
1434.0	4.162	0.4529606311075315
1436.0	4.165	0.4488303592205242
1438.0	4.154999999999999	0.4497701745075401
1440.0	4.144	0.4560884687843187
1442.0	4.118	0.4466161110140161
1444.0	4.115	0.4427575486805168
1446.0	4.105	0.4458168809702303
1448.0	4.112	0.4472371978168979
1450.0	4.106	0.4478149695059114
1452.0	4.071	0.4443191490053513
1454.0	4.048	0.4497703117518243
1456.0	4.053	0.4547568608268992
1458.0	4.071	0.4478044657059292
1460.0	4.043	0.449089394164032
1462.0	4.037	0.4473408952278004
1464.0	4.01	0.439929904629879
1466.0	4.011	0.4411339204850032
1468.0	3.984	0.4453467507404332
1470.0	4.013	0.4410749775292962
1472.0	4.001	0.4458654505565552
1474.0	3.956	0.4371869956160665
1476.0	3.998	0.4472019181036186
1478.0	3.96	0.4408166943579739
1480.0	3.952	0.4342915331922429
1482.0	3.95	0.4371323216906598
1484.0	3.953	0.4411563368923165
1486.0	3.957	0.4399166868374337
1488.0	3.945	0.4408328257365977
1490.0	3.927	0.439900353475255
1492.0	3.941	0.4380647959287514
1494.0	3.928	0.436500929813895
1496.0	3.918	0.4379124158443297
1498.0	3.93	0.4351559391276014
1500.0	3.931	0.4365815297269976
1502.0	3.915	0.4335711598080341
1504.0	3.893	0.4439752245339823
1506.0	3.902	0.4368658861357062
1508.0	3.887	0.4375418145802443
1510.0	3.887	0.4398974627998867
1512.0	3.875	0.4350349780175906
1514.0	3.876	0.4341571087310772
1516.0	3.865	0.4357352520470926
1518.0	3.864	0.4385535427704847
1520.0	3.865	0.4402376743039413
1522.0	3.868	0.442596658899653
1524.0	3.858	0.4372575589278089
1526.0	3.833	0.4374024335653483
1528.0	3.849	0.4353598766793079
1530.0	3.844	0.4346828842691452
1532.0	3.818	0.4370924133152826
1534.0	3.815	0.4323838600932461
1536.0	3.813	0.4306702212902267
1538.0	3.811	0.4336519341591824
1540.0	3.792	0.4312078642861494
1542.0	3.8	0.4258325179379017
1544.0	3.792	0.4254847634764579
1546.0	3.796	0.4342084610579587
1548.0	3.772	0.4322330761276436
1550.0	3.768	0.4272016900137653
1552.0	3.777	0.4285723356839314
1554.0	3.786	0.4264603088937216
1556.0	3.756	0.4227208459258272
1558.0	3.751	0.4242402359250921
1560.0	3.751	0.4276322407552234
1562.0	3.755	0.4232230244150969
1564.0	3.757	0.4232161109211343
1566.0	3.728	0.4250837245055452
1568.0	3.738	0.4272022968912219
1570.0	3.741	0.4254683983854633
1572.0	3.732	0.4258858596291955
1574.0	3.7	0.4189729358653781
1576.0	3.723	0.4253224775115267
1578.0	3.697	0.4241283872707518
1580.0	3.705	0.4246737309721167
1582.0	3.684	0.4225191938075741
1584.0	3.683	0.4246886441199535
1586.0	3.681	0.4199242730085133
1588.0	3.686	0.4217258193028577
1590.0	3.683	0.4189007955867473
1592.0	3.675	0.4185965381228028
1594.0	3.672	0.4211067721852107
1596.0	3.687	0.4186711193440973
1598.0	3.674	0.4179019319067071
