nm	mua[cm-1]	mua_std[cm-1]
250		
252		
254		
256		
258		
260	30.616448826798287	1.2406047914301748
262	28.765936204995068	0.2754176365055
264	29.250915980305763	0.15724497232720444
266	29.63636533736607	0.06928203230275484
268	28.90257426448179	0.06536040783278758
270	29.079787737875552	1.6996749443881474e-15
272	27.479659330905275	3.4641016151377553
274	26.06908957413781	0.1037156172196929
276	26.174280907946244	0.15231083961160125
278	26.489020078640596	0.05362386401142112
280	26.6238620341702	0.09213036210472719
282	25.991948973899742	2.5811132132996668e-15
284	26.077695179388314	0.13073589170582173
286	24.871420815548152	0.3808467377578808
288	24.48397850002245	0.3534797566467091
290	24.64986330420834	2.2573073586662414e-15
292	24.2588132527209	0.08765286796920017
294	23.429026297999332	0.04330127018922178
296	23.257219148080043	0.75640380650281
298	23.259417826204594	0.04104385799926235
300	23.398874999805873	0.11305951774125565
302	22.420095284931914	0.09622284496418877
304	22.57216617757001	0.03831970813205467
306	22.318923161171853	0.03757160103186272
308	21.68803967483832	1.0428221800571564
310	21.610594776692253	0.22554751609053558
312	21.408338960044215	0.09425039364134502
314	21.05119333840778	2.381018040806558e-15
316	20.91781549193906	0.03369748652857665
318	20.746451858287898	0.19269036888607452
320	20.304150906366953	0.408401698313259
322	20.27596387203462	0.06585744515471109
324	19.771066759712483	0.15890374381365863
326	19.662372572160123	0.07831740718744983
328	19.444135638418597	0.05535019997537073
330	19.307393492589256	0.07825826845945213
332	18.958856448951366	0.06446532619905919
334	18.85725812857385	0.028534609679883062
336	18.532656122646927	0.14490864065564507
338	18.223077598183483	0.0727317646169293
340	18.14064801659089	0.048660415384754574
342	17.84611039341208	0.02652451466414858
344	17.63999213917217	0.41365148498059684
346	17.531730933749596	3.143216758793455e-15
348	17.26695417282865	0.025396639407168648
350	17.0344915414937	0.024921594353508495
352	16.82882430352338	0.10316808557097885
354	16.80757142561313	0.09997424218101851
356	16.51635291141401	0.09421413976562071
358	16.335397400489672	0.048295932906416594
360	16.16415391791671	0.023032590526182208
362	15.983083592904043	0.10030177741565041
364	15.714218310016918	0.039454460309085906
366	15.571886923612318	0.049756838762110574
368	15.339932161384766	0.048815052071922715
370	15.213935738968743	0.03716847226542642
372	15.035836645617001	0.1401434506646548
374	14.870579562871397	0.08375195396841982
376	14.710267128387665	0.13280166624230058
378	14.54133942882518	0.19547787636934974
380	14.30357715288732	0.06767337934303007
382	14.18735295478811	0.01979486637221532
384	14.05883218011824	0.03327025292600302
386	13.887682342995783	0.06535083629493083
388	13.711534388749406	2.457082634049786e-15
390	13.564823560256459	0.07205257344419526
392	13.436515466561941	0.030280608523931857
394	13.22798687954994	0.05958836602157174
396	13.119321503057202	0.03818233523651327
398	12.909620784534972	0.03395171253557018
400	12.845204724146173	0.07247766270842239
402	12.673956005092244	0.04045459298618704
404	12.562281653948675	0.027405867208368705
406	12.397389825203405	0.061306380629486415
408	12.296890224271692	0.0387889154683115
410	12.129785403010894	0.05926835665106766
412	12.019613739553423	0.11798294352227638
414	11.90154345395569	0.033443417667404295
416	11.726695941486307	0.07595859539545342
418	11.575447992833098	0.02117421525145357
420	11.501969783635554	0.03579786590771647
422	11.373631211054251	0.04493231410719358
424	11.257004160673247	0.025708366898355973
426	11.093882487771126	0.03084583282415384
428	11.01261480055693	0.09111074774796996
430	10.893702533923465	0.08441439339395448
432	10.77062421809545	0.06458319977646694
434	10.655460353082816	0.019266416101990008
436	10.546811472620737	0.028978162825377258
438	10.415763749298629	0.035835078617290766
440	10.319508575020786	0.03183281537927805
442	10.193757813838715	0.09599228941651743
444	10.08525152253245	0.07495532933769601
446	9.976441512907353	0.056281282480642215
448	9.872844350130118	0.036985546740807736
450	9.766281586282155	0.043495202558208004
452	9.634949296952612	0.06264164010780736
454	9.552221616362766	0.04664434430277745
456	9.462439091975332	0.05114543803759798
458	9.331780485343629	0.07312802676254287
460	9.235369284403507	0.0638202378952944
462	9.136435915032346	0.07671366712875748
464	9.049835117308348	0.02840909090909031
466	8.952479786428242	0.043172271502723694
468	8.824618569419536	0.04268200146162478
470	8.743770038485067	0.027700831024931143
472	8.667921629945758	0.048338716848794976
474	8.56226004215285	0.0492640696764559
476	8.467656585988943	0.045161155094666436
478	8.360336555691879	0.05579487585759628
480	8.27779735373308	0.04224634192391794
482	8.18017977166126	0.039307958853010715
484	8.083563153501263	0.04075292823587438
486	7.991922685721005	0.030516496484390115
488	7.907173273688341	0.039879844009774755
490	7.843481926752124	0.041829319917983686
492	7.740649657323046	0.03566115738558945
494	7.6626392342459075	0.04272304214389332
496	7.572419728906621	0.044270037819086415
498	7.472335698591002	0.03866549466819478
500	7.383471983291122	0.05236453402946635
502	7.298138306219236	0.03057468288660324
504	7.216224530046513	0.053770916162248564
506	7.1394683236086545	0.043919274761200194
508	7.051628952953146	0.04490739710306421
510	6.965287369439281	0.03243776961351149
512	6.893171974756442	0.03596281182455631
514	6.817012230501387	0.0395078439358467
516	6.729754146292275	0.053523691579212634
518	6.641579256445129	0.042948160163214635
520	6.574188747158914	0.04590325258161873
522	6.494650715255574	0.04217015813649683
524	6.4280781530318345	0.028723856405598408
526	6.345397756189615	0.0363384724465976
528	6.265854171395746	0.04567549981005561
530	6.195318308773193	0.03556030800031181
532	6.115967296864565	0.016124475115375576
534	6.055049963268092	0.030687561669345685
536	5.982077265208729	0.04483784810789853
538	5.918153278386245	0.03821205560899598
540	5.845679467178812	0.04687771877382313
542	5.768370146802085	0.05088313032096585
544	5.702935883104693	0.03866755593068609
546	5.627193530699045	0.0370414304211172
548	5.559707709787767	0.03624647997113859
550	5.491650836517802	0.04575354019866127
552	5.426748104060034	0.04012083962144967
554	5.36673594781229	0.04125299283223172
556	5.301387011629673	0.03223660788557349
558	5.232643758457278	0.040688341948675474
560	5.17833275178799	0.03862304903802967
562	5.11607876152834	0.037735522293548394
564	5.0522961825538015	0.04709262348190934
566	4.994832339719012	0.04323312568617424
568	4.932688330688899	0.04188615605362364
570	4.881056754138831	0.0338771854862107
572	4.809026665519719	0.04123867551600681
574	4.756769112445996	0.03703703703703756
576	4.690832805198941	0.03168705801231535
578	4.631860969468007	0.03827163785994359
580	4.574379013573455	0.03409876630728754
582	4.520159597424346	0.04422267956584347
584	4.459957946435812	0.04214913628679078
586	4.417073597512055	0.03861758240070651
588	4.367198392678127	0.0470477693664738
590	4.3121622081347795	0.0443723481933526
592	4.257272553703904	0.031411756634670336
594	4.196374759554114	0.026862908249089865
596	4.148375449264152	0.027708993846657034
598	4.1069383262027594	0.030506144022428294
600	4.048794214449555	0.03914998102843839
602	3.9945744392027627	0.047089271324002736
604	3.9413196491686264	0.03892012280977794
606	3.9014209470850063	0.04713411522133317
608	3.8522401395262897	0.04992796411309644
610	3.8012920198987117	0.04203617016586653
612	3.757157584294264	0.04426121552991834
614	3.699959511894724	0.04206584871999566
616	3.6500420621831027	0.04267773576537359
618	3.604850099151088	0.04389315505641587
620	3.5559992825634814	0.0436471839476872
622	3.514103067930224	0.04206132807487786
624	3.4755933485162367	0.04018154047485892
626	3.4314080135648344	0.041407644885635794
628	3.394585653915334	0.045460147578976075
630	3.3465036640441124	0.0387337606853158
632	3.307678156868017	0.030176610691582353
634	3.258934181637239	0.03701288541916548
636	3.2073403123184967	0.03689561513998633
638	3.1772579492442383	0.04159874597942892
640	3.126598138973602	0.02770259512176611
642	3.087110879166922	0.031225768536094527
644	3.0496488356808897	0.03357387935376716
646	3.0078249940077466	0.0296731543537366
648	2.968717435370019	0.030081715947956906
650	2.922790286880415	0.03143454790688357
652	2.887948504909852	0.04014338112997464
654	2.849039190641104	0.045669544269824044
656	2.809133949801094	0.0515449870212115
658	2.7736866634585753	0.054086615544729016
660	2.7338079377107305	0.049493701830093474
662	2.7023484014988637	0.048141126139489336
664	2.672379987183812	0.03512978335590412
666	2.633904746430281	0.03617367384366465
668	2.6014233984871873	0.030053539474013874
670	2.5639431261609995	0.034795064398366535
672	2.5351441896706413	0.035251196201894285
674	2.502012423916874	0.04285897861924342
676	2.469564450633991	0.04271965664465345
678	2.441520755497019	0.027536393025215027
680	2.3949044111799034	0.035498094250889824
682	2.359185833180765	0.03140081745504535
684	2.329084842667769	0.03811370983319588
686	2.2974737147012747	0.04820706100933958
688	2.2680165845288127	0.045942154616251826
690	2.228772893798539	0.03456761302970241
692	2.195939345702971	0.03524114260599673
694	2.1651415438455657	0.03559870328734906
696	2.1375412147145094	0.03487244493471011
698	2.1116533724568534	0.029450891603418752
700	2.0874077955141725	0.021867863011169476
702	2.0645357592943507	0.022755677842235415
704	2.0256711336955004	0.022585739827918
706	2.002285319986784	0.028913670441150546
708	1.9683102884212351	0.03565320294866428
710	1.942712144890925	0.0275614522756102
712	1.9136292401465858	0.03074537440837898
714	1.88712895514297	0.029409105094919626
716	1.8532807830111206	0.029613696604359033
718	1.836447337522129	0.02590171947711857
720	1.8075125863163477	0.03003240441023666
722	1.7828061035189646	0.028534899611479213
724	1.7510415449232888	0.031123271927397934
726	1.7351929763953986	0.034186273402076216
728	1.7166873581355109	0.03683880422590983
730	1.6905333146486383	0.04534534492501528
732	1.6634906764265838	0.035195096108009416
734	1.643723019109088	0.02863456364481963
736	1.6214033699172192	0.02789502225563253
738	1.5975043033201919	0.022012683198732376
740	1.5706777606288405	0.02945919894515343
742	1.5468803987766568	0.036212561739199886
744	1.5186185464447355	0.03475707782558546
746	1.4918925328251131	0.03649874612822633
748	1.4643660498315478	0.025306315930416563
750	1.4448148885769438	0.02806238237351614
752	1.4233490793828503	0.029460264690351182
754	1.406865616305624	0.035097627490261574
756	1.3892333319310974	0.030925254203742987
758	1.3770158791802618	0.027297210737265685
760	1.3481602936278527	0.03125693177554357
762	1.330443070892904	0.02946276342279011
764	1.296561245485829	0.02548701644764865
766	1.2826817795107874	0.030778308895333648
768	1.2686348736370305	0.04839398063627517
770	1.253696950467831	0.036393328131027844
772	1.2240675024196817	0.03163888307999994
774	1.2085944036688485	0.03529891105269392
776	1.189662269903356	0.026044754130001506
778	1.1814139991514385	0.030785340089995547
780	1.154725027767002	0.03475343694553476
782	1.142235460334312	0.034785346490604635
784	1.122689119755394	0.025532851351225894
786	1.1076706277943413	0.02749431175789166
788	1.0920569744243742	0.041067702782749
790	1.0806157348318546	0.03761800523371224
792	1.062411700821001	0.03066416166996994
794	1.0525361620085028	0.042970857504871396
796	1.0360310730804976	0.02489613290761625
798	1.0163074355177732	0.033274132085574094
800	0.9942229000349746	0.051540995562647435
802	0.973574110785989	0.03825454672383514
804	0.9666558478002901	0.04154638473683769
806	0.9548523963747391	0.057689029279577794
808	0.9408180559256659	0.05319219650566193
810	0.931246327928554	0.050965741319862506
812	0.9038139886529007	0.056818407529815144
814	0.8948849274683317	0.04518692592810392
816	0.8745579758388983	0.03086931111157498
818	0.8740437626951044	0.04318787432661543
820	0.8491480258653065	0.04586686323247209
822	0.8414474530234104	0.05051289903947848
824	0.8333449560326881	0.047262356334189175
826	0.8262679258799759	0.04575570209794622
828	0.8208915746576185	0.029411356083170057
830	0.804211937560514	0.040384803723689654
832	0.7900817500279929	0.06618628494403082
834	0.7682603975437373	0.06179230858972143
836	0.7550343379617278	0.052915227815424175
838	0.7378349507497878	0.060957134181647554
840	0.7153310651627907	0.07255164649913812
842	0.707276297590548	0.052049202449106526
844	0.6939153747641122	0.042658009497626305
846	0.7010793773735632	0.06655205659810869
848	0.6974336182002712	0.07100064033385241
850	0.6978457902850647	0.09004191695640204
852	0.6902180910742596	0.07854295543385613
854	0.6622394283332993	0.06515341223873493
856	0.6406441734925169	0.06546499597808289
858	0.6164887516912758	0.08916841487565774
860	0.6108465208262891	0.1025657140934466
862	0.5815521263460723	0.09873016627016888
864	0.5895942411294834	0.13835724950850464
866	0.5829820186738857	0.14221812946193305
868	0.5910044494676064	0.17197192459578625
870	0.5780211639491787	0.1465919995282195
878	0.5333691779423652	0.14143137239176623
886	0.5820098629877463	0.18942157563691772
892		
894		
896		
898		
900		
902		
904		
906	0.4981361547750019	0.1336461337998037
908	0.5012320321985456	0.12415446074883875
910		
912		
914		
916	0.43554433146893734	0.11923278448439828
918	0.4128549023557108	0.0993471039029549
920	0.38140038335569204	0.08444171548378744
922		
924		
926	0.3488640526355064	0.09853409523166701
928	0.32734918896801785	0.10172058176748537
930	0.3349370130306873	0.08744111286831441
932		
934		
936		
938	0.31995181571605036	0.10165466639269106
940	0.3168368759645871	0.08243848146281865
942	0.3124299593659655	0.05752669793166757
944	0.3136928466180721	0.0630441907192094
946	0.30624736124884894	0.05017443618595921
948	0.2956499992723571	0.0406862762239141
950	0.29258361043558684	0.030169158991783265
952	0.28842491721808516	0.01967509639291666
954	0.2830989119386622	0.017347591888605515
956	0.28270324004343395	0.011286094866916428
958	0.2786153654190618	0.011364081834858932
960	0.2773376726898775	0.011359778551009019
962	0.26949156188514994	0.013080580302303671
964	0.2655111655407316	0.011463028370199005
966	0.2640679433186861	0.012927522994063885
968	0.2575900066241078	0.006526189930553049
970	0.25486523860210714	0.011156731336233296
972	0.2534297616355562	0.006518821255433869
974	0.24704864536984342	0.009337581726360589
976	0.24576089826735528	0.006511469201387312
978	0.24184449490259927	0.00909920620024101
980	0.24055406683592437	0.009236625024914152
982	0.2329234458981655	1.9755586186758953e-15
984	0.23292063515150127	0.009181013449569203
986	0.23404414939803028	0.011231936400808095
988	0.23644262035796518	4.796338834656121e-15
990	0.23394386961626698	0.006489512205203368
992	0.2288483022566732	3.89008427959607e-15
994	0.22880588571863403	2.7229039699968183e-15
996	0.22862844389732886	1.9360034961662548e-15
998	0.22986415599056564	0.006419758367564042
1000	0.22736821178309521	0.009123187622825187
1002	0.22477325483500918	0.009112874239082351
1004	0.22601773247997858	0.006419758367564042
1006	0.22601773247997858	0.006419758367564042
1008	0.22331661224379185	0.006543448460781181
1010	0.22079898876056384	1.91050180357131e-15
1012	0.2156983948130897	0.009050074997437985
1014	0.21053730819227812	0.006460465526180623
1016	0.20799791955723743	0.011293762440930733
1018	0.20784257980363507	0.006325970809235861
1020	0.19775705747538297	3.91525782401562e-15
1022	0.1975729304939479	0.009073565302320563
1024	0.18876211655388717	0.00650657703819977
1026	0.18857167620799944	0.006396051726620305
1028	0.1797847610522774	0.006434066892900367
1030	0.17344467042216216	0.006305245022092388
1032	0.16711646120940457	3.336578962431185e-15
1034	0.16825340297107008	0.006300657721240542
1036	0.16069262905040407	0.006384263942383998
1038	0.15689247096253958	0.011128024513909585
1040	0.15565345802688685	1.925295512227282e-15
1042	0.15307418664589892	0.008963360839133013
1044	0.149340805797693	0.006460465526180623
1046	0.15179936805890046	3.3760964389515226e-15
1048	0.14925782931715026	0.009017080313858172
1050	0.1455770733829411	0.006377212104450584
1052	0.14924090115266267	0.006286935780649819
1054	0.1491498256626893	0.006518821255433869
1056	0.14789551395143266	4.727380178358358e-15
1058	0.14172485966112838	0.006405513341601424
1060	0.14042932587239473	2.69762146671733e-15
1062	0.13918897066885147	0.008938659270450764
1064	0.1353550871974985	0.006367833851356709
1066	0.13660474476876225	2.7275166353197103e-15
1068	0.13034245014662263	0.006273273479061132
1070	0.12534371830517074	1.889758027202458e-15
1072	0.12533115653477786	3.305747321291793e-15
1074	0.12149534449225378	3.8627201949832104e-15
1076	0.11409935141367511	2.7303612117392957e-15
1078	0.11408959253427868	0.008965986327482649
1080	0.11397349194826349	1.9147053278915984e-15
1082	0.10410810654576362	0.006319047090729751
1084	0.10411974818268716	0.006377212104450584
1086	0.1016315219020787	0.00631443969219387
1088	0.10157846605673627	0.006405513341601424
1090	0.10033601455635362	0.006349159851791711
1092	0.10277891194186255	2.690436582627398e-15
1094	0.09908279841915744	0.00901867510558429
1096	0.09905659627494666	3.3183880888812677e-15
1098	0.09905659627494666	3.3183880888812677e-15
1100	0.09905659627494666	3.3183880888812677e-15
1102	0.09905659627494666	3.3183880888812677e-15
1104	0.10157020187736743	0.006448439343145117
1106	0.10281143567809375	3.825706957820266e-15
1108	0.1028469579532232	3.8358957148362544e-15
1110	0.11027508257111629	3.84353478531738e-15
1112	0.11150707624839779	0.006377212104450584
1114	0.11775968868261072	0.0
1116	0.1239644449989048	0.00638191159752682
1118	0.12900802268661624	3.855764065756533e-15
1120	0.14029380071445985	3.3635506726166487e-15
1122	0.152843834901367	0.006374864952406252
1124	0.16546443689083704	0.009134564685189635
1126	0.17953372650064633	0.006548396247898015
1128	0.20494398622217938	2.7201739360515747e-15
1130	0.226823241343967	0.0064460394773679895
1132	0.24760917454637046	1.9424856507293123e-15
1134	0.2735758792585318	0.009336428338049561
1136	0.2987076533643238	4.4378705123929516e-15
1138	0.3277361182256746	0.009437161920332632
1140	0.3543233048596745	0.00929904727284587
1142	0.37869453477253895	0.009407821927325356
1144	0.4030891387946102	2.8034807773393124e-15
1146	0.42497464544256447	0.006835243913057532
1148	0.4455987650286842	0.01168476477712965
1150	0.467821820263896	0.009464530635508532
1152	0.49417039299124604	1.9913811705417197e-15
1154	0.5250158085699538	0.00955388387232109
1156	0.5551064650840364	0.009703324158192993
1158	0.5955873099922645	0.009962748177253605
1160	0.6462898143430126	0.012338482308271578
1162	0.6985397357392459	0.016158955002722738
1164	0.7577460032948866	0.012343744485062277
1166	0.8224955705180621	0.014458759400206554
1168	0.8852778556896008	0.010566468862713126
1170	0.9442534833905718	0.012674254363686877
1172	0.9868735964609208	0.006944870920485264
1174	1.0249547358354094	0.00759005612431542
1176	1.0351323986210519	0.007763562561940945
1178	1.0252660163763834	0.0069700233704990955
1180	0.9957551062629632	0.006953234875828096
1182	0.9486331278357852	0.0076134101431605495
1184	0.8845820437527538	0.0073672939496768385
1186	0.8098103621985278	0.010372011513589454
1188	0.735836438059211	0.009964648911906637
1190	0.6549206392894104	0.014005194747787006
1192	0.5803394433952437	0.015531284121587793
1194	0.5024865856881785	0.015151669863042299
1196	0.43443476143729987	0.009301275621042005
1198	0.3794933291108846	0.009508788519952826
1200	0.3248640693700325	0.00919651176309492
1202	0.28767910050155354	0.006470118817963312
1204	0.25231440011218337	0.00660835867061818
1206	0.21886602555371681	0.006424520799588372
1208	0.19572918873198855	0.009250356717465937
1210	0.1728595684091153	0.006521275630906546
1212	0.15513350580835492	0.009106997161603177
1214	0.13758909317697213	0.006474956289977663
1216	0.12508270812730607	3.354671059506802e-15
1218	0.11509980218127652	0.0064460394773679895
1220	0.10886924830335824	0.006360818242999555
1222	0.0989363641931646	3.3061017112877534e-15
1224	0.09523943346953347	0.009020602755013225
1226	0.09272386918447943	0.006232640545408511
1228	0.08907242342275616	0.010921648219431665
1230	0.08783126886964661	0.00892901698170983
1232	0.08540131888595141	0.006232640545408511
1234	0.08541089375939447	0.006284654599307056
1236	0.08787273532870717	0.008968644917753447
1238	0.0903140400957147	0.006286935780649819
1240	0.09152418109043033	2.683061739144607e-15
1242	0.08908128370492141	0.006349159851791711
1244	0.08666144088842437	0.008933572312137797
1246	0.08909281519349106	0.008933524189699551
1248	0.08666144088842437	0.008933572312137797
1250	0.0853949386961852	0.010994402263347615
1252	0.08409775291073252	3.3142617316122246e-15
1254	0.07924235465723178	0.006391331393243636
1256	0.0779714912815332	0.006342185307831485
1258	0.07423634745921895	0.006396051726620305
1260	0.0705936905060582	0.006264198219056148
1262	0.06812484651645047	0.008987435258229294
1264	0.06931241736706789	3.815381995064701e-15
1266	0.061949992767378226	2.675810435143321e-15
1268	0.060769990650678084	0.006377212104450584
1270	0.06191844662009966	0.010912167161295715
1272	0.05947819988554028	0.006243874576671878
1274	0.05582490026983189	0.006367833851356709
1276	0.05459963529248792	0.0
1278	0.05215315200223792	0.0063538180761886455
1280	0.05337125299636417	0.00896761720494634
1282	0.05459427019347604	0.008969269416510457
1284	0.05701915397247476	0.008890057588022558
1286	0.05825203348093386	0.008919927679406256
1288	0.0606561686975427	0.006370175827763976
1290	0.061882335102149126	2.690436582627398e-15
1292	0.061882335102149126	2.690436582627398e-15
1294	0.060687377809073954	0.006210293322225812
1296	0.061969272277795306	3.2784742409408147e-15
1298	0.06319588989359887	0.006374864952406252
1300	0.0643939620728372	0.010945987132180908
1302	0.06560696881528905	1.873484545805665e-15
1304	0.06562713967457	3.2939910380663433e-15
1306	0.06562713967457	3.2939910380663433e-15
1308	0.06928756014958866	0.008939462697227889
1310	0.07172954338060418	0.00621698064454065
1312	0.07660699499810499	3.2964714914927448e-15
1314	0.07057943671082333	0.0063352260701134795
1316	0.07543640715082393	0.006391331393243636
1318	0.07666664644632894	3.297153269757805e-15
1320	0.07789846168025706	0.010942698793193982
1322	0.07670713444150327	0.01094965140579403
1324	0.0791918220047848	0.0063398638637217385
1326	0.0852972873416728	0.006403145314488077
1328	0.08290839635400027	0.010954891017148211
1330	0.09031270223913444	0.010932238346416682
1332	0.09901501139768971	0.00894980041101643
1334	0.11383536666619813	2.705787137671693e-15
1336	0.1288819154574962	1.92104541175879e-15
1338	0.1503076442594287	0.009035940598274228
1340	0.1783276079551714	1.900073300276707e-15
1342	0.21167793446972993	0.009133410371389867
1344	0.2582823998819175	0.009314812682334096
1346	0.3071150821572494	0.009413215565468312
1348	0.3684476030127324	0.009524921045007198
1350	0.42468849759936483	0.011599581824752722
1352	0.4898808036893505	0.009291702464054962
1354	0.5506953154904238	3.461392993962278e-15
1356	0.6040708511717447	0.009708811856865467
1358	0.6440875631123023	0.012059927184965387
1360	0.676930411096487	0.0071073073761542
1362	0.6971460532895564	0.010201297553038762
1364	0.714471480897294	0.007295917470804653
1366	0.7235538958534243	0.007320586676115913
1368	0.7343342867226852	0.007376707016902806
1370	0.7494663806593832	0.007414601059798909
1372	0.765606591886861	0.010417786197426592
1374	0.7883888208653387	0.00736103190636965
1376	0.8243916416218711	0.010584142608154967
1378	0.8594808328405658	0.0075045528924123864
1380	0.902027412212283	0.012538895412444566
1382	0.9492023061621353	0.014806669440811094
1384	0.9916994495666936	0.007905298071970693
1386	1.0243584699347819	0.0
1388	1.046313858917047	0.0079451871906836
1390	1.058856894454594	0.012748184371940266
1392	1.0541509486915548	0.0079451871906836
1394	1.037333172258929	0.018373537265437827
1396	1.0099591120942202	0.010596563513452001
1398	0.9816184517840068	0.01302694654285825
1400	0.9397461762651783	0.010347180721766188
1402	0.8909830103296822	0.009794413150572246
1404	0.8466206100185657	0.014357389923904772
1406	0.7977802901782264	0.014290425993726203
1408	0.7486417870483589	0.0143600492939702
1410	0.7005502061659188	0.012015335740351353
1412	0.6576448241945242	0.011928319002818348
1414	0.6195955203705609	0.019916019798575553
1416	0.5771865307000201	0.013806216165045281
1418	0.5406866147037747	0.01801777329652593
1420	0.5073595263387399	0.021613689253574993
1422	0.48144065705605804	0.02332609851397956
1424	0.4534777643378423	0.020232123811298366
1426	0.4350348654928216	0.023142715307181788
1428	0.422287072626566	0.022084370603200145
1430	0.4046789597368543	0.020912276280736854
1432	0.3950273925102606	0.023031521804698345
1434	0.38949820668323426	0.019766017756455083
1436	0.3864421322834925	0.023950529221971363
1438	0.38364037937806267	0.017393591196566832
1440	0.38464806154930686	0.024058189620851562
1442	0.38715479843414063	0.021247101186169935
1444	0.38715479843414063	0.021247101186169935
1446	0.39101392198066326	0.021207782718999847
1448	0.3950976035844598	0.024909336432976832
1450	0.4004703217446681	0.022025753677002102
1452	0.4069746635431865	0.020008692643197913
1454	0.40858962077590716	0.02408784766313045
1456	0.4152150624779538	0.025883203512250295
1458	0.41812316531337473	0.017809303667943224
1460	0.4273328331765443	0.021110511717664884
1462	0.43141323605348597	0.016480155617741556
1464	0.4290584547730498	0.022086389982244468
1466	0.4357989646287632	0.016626013958834503
1468	0.4424927259331867	0.01867581215840922
1470	0.4480189197723201	0.013396723087293977
1472	0.4535791264217846	0.013407452947919465
1474	0.4592425186720968	0.019159244249507438
1476	0.46987384055766596	0.017956096932862025
1478	0.4729437259846863	0.016735349118525734
1480	0.4822691451950782	0.01799298500421486
1482	0.4827155649197625	0.01801149290386292
1484	0.48541962691153523	0.018014359480707506
1486	0.4867468550132161	0.01664255541817883
1488	0.4814871742477223	0.015074847771339382
1490	0.47581320121425974	0.015059258994566777
1492	0.4701158235760461	0.015245220066166264
1494	0.4564288848313148	0.01787576804916879
1496	0.43881793615463077	0.013388603940360623
1498	0.42230131887363614	0.011565981720702539
1500	0.4018778922325676	0.013309914158754304
1502	0.3828870758753526	0.01141701081885333
1504	0.3588348584999244	0.0113816741215283
1506	0.3362100624271546	0.013108090955693381
1508	0.31251922684802336	0.014668216154562297
1510	0.29276604924538424	0.014766399924763883
1512	0.27573696714040774	0.012991524931759871
1514	0.2576104949698234	0.013018879789449432
1516	0.23721169130639833	0.015976906487843397
1518	0.2281219892621906	0.01594468971725267
1520	0.21663306405885907	0.014451615193011202
1522	0.2127421893173551	0.014378128082171279
1524	0.2051473497218157	0.011233353848256404
1526	0.20260803357531842	0.01588243276670366
1528	0.20499714678423642	0.018277692544760304
1530	0.20625240318518756	0.017074747696716658
1532	0.20750813246480945	0.01827944648823325
1534	0.20637758901732026	0.012924293236320453
1536	0.20761192161474476	0.012931312379243292
1538	0.21264185076595352	0.01718679370455195
1540	0.21513337564762433	0.017142175835421262
1542	0.21762583212328904	0.01443650731505849
1544	0.2163919496981942	0.014435453267787005
1546	0.21888345648581517	0.014437623301552986
1548	0.21641614820637636	0.012935345741586937
1550	0.21264185076595352	0.01718679370455195
1552	0.21387254427571867	0.01595231645101187
1554	0.21264185076595352	0.01718679370455195
1556	0.21510278357122325	0.017185037594706784
1558	0.21510278357122325	0.017185037594706784
1560	0.21387254427571867	0.01595231645101187
1562	0.21759795158248432	0.015905192456998837
1564	0.22014250591847362	0.01835558369212685
1566	0.21778237463191397	0.018313946173091993
1568	0.22035942582636656	0.012958077735325698
1570	0.227952855362227	0.015769107775448758
1572	0.23061736844474132	0.012967161306359599
1574	0.24192927520042215	0.012978221953125027
1576	0.24343454624442407	0.011297381401203477
1578	0.2537092102588647	0.016002417307639318
1580	0.2602852795550391	0.01304765418524155
1582	0.2719526815432966	0.013073683405341948
1584	0.28242024821901773	0.013101003586115248
1586	0.293054822318166	0.01309611270217403
1588	0.30488203842098055	0.009279887555343971
1590	0.32190529588654915	0.01145001972107191
1592	0.3366252593333933	0.009328390424220312
1594	0.35275866585310284	0.011518237506845193
1596	0.3676616874435161	0.01320278658752776
1598	0.38917059635024903	0.016306103586888037
1600	0.4119696149520593	0.013418150843540843
1602	0.42467184683552023	0.013461493097852948
1604	0.44388384572330053	0.01170664146518649
1606	0.46300920239391624	0.009731785151952792
1608	0.4757334575596898	0.009539684325436405
1610	0.4922012886035127	0.013618377998820309
1612	0.4980878708103373	0.0065957761141233005
1614	0.5103406902768661	0.011763476491725135
1616	0.5160240953865293	0.009748606820233279
1618	0.5214673292844155	0.00960041071984444
1620	0.5191716508599576	0.011786989160359368
1622	0.5232143177467597	0.006610880944919943
1624	0.5232823826978185	0.006967219660374195
1626	0.5260532181980359	0.013708142044506611
1628	0.5264422494576049	0.009614055651617676
1630	0.5360545799551657	0.011900286612751184
1632	0.5446914370386312	0.006633668355299802
1634	0.5576227616963613	0.011803488241335418
1636	0.5761379099887137	0.01145305945312698
1638	0.5967638488629067	0.006671998488323492
1640	0.6312348291888337	0.009687365104535708
1642	0.6682828155320227	0.006600803382502969
1644	0.7202248673566531	0.009824594010338444
1646	0.7811554446724389	0.007351658775758824
1648	0.8558361287414741	0.010453048392835312
1650	0.9424898286270228	0.012669434657709991
1652	1.057329406404989	0.01049663570287471
1654	1.2062105245231436	0.01076701193992274
1656	1.3797685181807822	0.017848373042835073
1658	1.5975227992963417	0.020554107130092664
1660	1.8512044941226409	0.029637473222429902
1662	2.151782987651881	0.033059168885821125
1664	2.4940195724957817	0.025525565053567265
1666	2.884175068493382	0.03743426036053157
1668	3.3224482886558917	0.053421597018903304
1670	3.81382225758137	0.04865621543453575
1672	4.335847746003096	0.07039710886458958
1674	4.873903650169936	0.06580623865489194
1676	5.412013027146624	0.056359701188440865
1678	5.899849587005016	0.04329218640332292
1680	6.300953065179882	0.03557233206401836
1682	6.5374851582529985	0.030650652588248166
1684	6.57440908240351	0.03133819465305687
1686	6.419744881923971	0.04127333599465473
1688	6.11040913625984	0.029499442997360827
1690	5.6774990160261565	0.03685743064909745
1692	5.207284491779434	0.042792934719309624
1694	4.7514901918676316	0.01915656933198751
1696	4.354237721562468	0.029280451523393022
1698	4.024114528482825	0.030932306089982042
1700	3.7749732667418385	0.03414478291120098
1702	3.6048881796418164	0.03293472097418243
1704	3.5172599841104915	0.02249326847167592
1706	3.5008070707271965	0.012993629464132796
1708	3.5542719697447644	0.009016401913424147
1710	3.6778438013331347	0.00914493562602377
1712	3.877190439316989	0.019206936433166812
1714	4.154816580674452	0.02860809414066764
1716	4.488561637290418	0.04104346037109327
1718	4.88558847115774	0.03997524817056239
1720	5.3381033337935575	0.038781912926412
1722	5.818627617621709	0.031891599495004086
1724	6.317916760212925	0.0366299913547728
1726	6.818056556887151	0.03919604080294482
1728	7.240451893658304	0.04221252923745745
1730	7.582998644859607	0.0
1732	7.78597921330233	0.031491832864888006
1734	7.809560594388384	0.03109606476784384
1736	7.690734918140113	0.047917341308069294
1738	7.434451012203517	0.05612810963995617
1740	7.085933044428376	0.03609822967183436
1742	6.711252732058738	0.04243016417363624
1744	6.322107738841736	0.0455354045568833
1746	5.948111674287872	0.03631015772067106
1748	5.571729911019681	0.037651974354572064
1750	5.232283715886472	0.029868173163200444
1752	4.913092795653316	0.022206184109997047
1754	4.59369056526923	0.02646233114580264
1756	4.280816982312708	0.03078109329550461
1758	3.966872581632748	0.025519481878476406
1760	3.6521950344597243	0.022487702922916745
1762	3.3433540043979377	0.02143610071423523
1764	3.055913448404395	0.027639768127777284
1766	2.7808945432407026	0.02390783513686455
1768	2.538450567298858	0.022548750896162803
1770	2.319646706432174	0.020284928602920492
1772	2.1274862996791755	0.023341896573553778
1774	1.971489850493893	0.017937779304977593
1776	1.8395759757544115	0.020389470412882863
1778	1.741075331693171	0.020031922652593744
1780	1.6670687968626574	0.018990309061515234
1782	1.6237373942038367	0.021897011371827334
1784	1.5907845682871165	0.016608143320135483
1786	1.581396376500815	0.020053585075144823
1788	1.582775510582408	0.022923627348608387
1790	1.6068217079334388	0.022302365236339446
1792	1.630191732826347	0.026216227663461645
1794	1.6614770897763709	0.024822186225521528
1796	1.6934168094286497	0.022646666820292517
1798	1.7171327772068146	0.02396271949251471
1800	1.7395588887136888	0.02242499477815153
1802	1.7512845859287431	0.01636305630476761
1804	1.7643379798190117	0.013816344453765332
1806	1.7663337758310311	0.01716320501671165
1808	1.7572215730335046	0.016290685525364848
1810	1.7419937083578392	0.02239543398281953
1812	1.7232246019701272	0.019914160828613213
1814	1.6987419744082957	0.0184490682543805
1816	1.6689677971324626	0.017519797012318174
1818	1.6273897349853501	0.016613788254237392
1820	1.5749383159176773	0.01529897178462334
1822	1.5262628344590279	0.012576421791637512
1824	1.4553929013914069	0.0161846522668943
1826	1.3891770048296046	0.01307742690997769
1828	1.3119449847368985	0.015299038417893325
1830	1.2322685433109255	0.017046321986466693
1832	1.1541692752529682	0.018252711769062728
1834	1.0806624854654892	0.01804191009433282
1836	1.0177429842956676	0.014526403037398546
1838	0.9589837425575736	0.00690885842668041
1840	0.9130237906156005	0.01252169922416676
1842	0.8748352156479422	0.014194671846278558
1844	0.8533545964164571	0.009981626206683128
1846	0.8309623886401586	0.012408427273273223
1848	0.8229478299762812	0.014130872551254496
1850	0.8188251888713678	0.013849508167354493
1852	0.8276392026945768	0.011985711749678898
1854	0.8335320801711695	0.015676222352128042
1856	0.8548404726816363	0.017391112585341744
1858	0.8715885556840061	0.012084999373098888
1860	0.9071530951349692	0.01053660921953969
1862	0.9470899762733774	0.01629158782585137
1864	0.9902767336250947	0.014523345354960191
1866	1.0468363498162534	0.015005620118208232
1868	1.1010572679823623	0.020374414322664573
1870	1.1578537887914233	0.013206989131644411
1872	1.217888839376571	0.015037212851556184
1874	1.2748202857942754	0.01669867593108505
1876	1.331411702278526	0.01917716384323995
1878	1.3805553361986964	0.02060657301185236
1880	1.421938027598471	0.024197092494976605
1882	1.4595560040107696	0.03032173325750204
1884	1.4761089689053877	0.040759423653742834
1886	1.4917627112511915	0.04394287907381665
1888	1.4986945862304542	0.05476107371385174
1890	1.5008241504735997	0.058353019014084406
1892	1.494750168001066	0.06504485561827468
1894	1.494648860374225	0.06831852210588601
1896	1.500419562579015	0.0673621583094106
1898	1.502523202329679	0.07084896501012826
1900	1.5116601812320007	0.06369533120596278
1902	1.5294397866299976	0.06896330920872779
1904	1.5519442466346058	0.07377068446827158
1906	1.5751198393132302	0.08251272446879375
1908	1.626829782888512	0.09562101569044786
1910	1.6719676049770082	0.10901374409174448
1912	1.7271442685965173	0.1290942500928084
1914	1.79465545129428	0.14523791100299543
1916	1.864482032993996	0.1526234027721504
1918	1.9363798304262565	0.1685847862795357
1920	2.007067915545704	0.17866908536090567
1922	2.0764385700778685	0.19514413269130348
1924	2.1401929128415866	0.205299450649705
1926	2.199560368593957	0.21680337207496314
1928	2.250222142491378	0.21906942211022742
1930	2.3016325989310076	0.23709994908300036
1932	2.337311793613513	0.2584461901905094
1934	2.370608872353612	0.2715862061416802
1936	2.3820602439180356	0.2786876819109983
1938	2.381801790851965	0.2985816874270285
1940	2.369765531316412	0.3041359490464273
1942	2.353454743234445	0.30714434194131174
1944	2.3234608853133665	0.31309888524532253
1946	2.2837089810054536	0.30845430826874043
1948	2.2418411410050574	0.3021453561805376
1950	2.1938929039972654	0.29919307062451833
1952	2.140649221925329	0.2954563569099775
1954	2.074956931052086	0.28812354923693656
1956	2.0126749182242847	0.2820912936354069
1958	1.9463558457331118	0.2713373236779977
1960	1.8810709910037495	0.2565080804218183
1962	1.814618421557147	0.2388061693606365
1964	1.7561613747743852	0.22132749250687764
1966	1.6957902146961856	0.20225643665221402
1968	1.6356782327862733	0.18492330894125555
1970	1.5800434727470696	0.17657962672875305
1972	1.5228719559032429	0.1699197424056017
1974	1.473589817900728	0.15282499388153245
1976	1.4271220573347658	0.1416288667213875
1978	1.3839966891904314	0.1410761908234327
1980	1.3547611151674108	0.13363603082923545
1982	1.3142338500131745	0.1284206897489396
1984	1.2780896311474277	0.12200317282142902
1986	1.2534535461278147	0.11022723370057992
1988	1.2291839124320616	0.10215840354766378
1990	1.210097770738517	0.08917626410947409
1992	1.1893656591432422	0.07676899049337456
1994	1.1763040362102963	0.07928312882155067
1996	1.1623767421454991	0.07119807709662848
1998	1.1613646521742298	0.07191002914027539
2000	1.156910485984107	0.06542248734119119
2002	1.1650965584664028	0.06795813131134015
2004	1.1735020148142052	0.05817526370717619
2006	1.1920704384490213	0.06798422104272239
2008	1.2190955197261302	0.06531868127936115
2010	1.2538324508971461	0.06614505481989805
2012	1.2941856378720256	0.0569498311707747
2014	1.3418530712357173	0.053558925067220715
2016	1.3902576446091273	0.05271798876443765
2018	1.4478021653251847	0.05091036067591796
2020	1.500027692423865	0.04484980210734243
2022	1.5618617146689424	0.04324768789299107
2024	1.6205564885430057	0.05139914486435904
2026	1.6774215599046418	0.043117846814857794
2028	1.7238773908316836	0.04217395787732338
2030	1.7668071299483479	0.04051731142678028
2032	1.8012949163472811	0.03587127438038771
2034	1.8330856534825026	0.03872544027260722
2036	1.850140891194908	0.03293675150977512
2038	1.8712593278283982	0.03465119777021389
2040	1.8727778289360186	0.036466480257627776
2042	1.8643638083551533	0.031124322750555898
2044	1.8530193374824016	0.04001943313653726
2046	1.8391409861544223	0.038935066372788554
2048	1.8290665760122886	0.04125852747952531
2050	1.8155554638220697	0.04048336283314309
2052	1.810116977037042	0.041127129095787945
2054	1.8083788716202065	0.04500024534612267
2056	1.8215845082754134	0.03859625081732975
2058	1.8356912224494135	0.038659932345112634
2060	1.8683761462476631	0.03907703615592612
2062	1.9028011298334733	0.030449855134162873
2064	1.9470370121315064	0.03550599707144729
2066	2.004795042002031	0.03540300444767439
2068	2.0702789152731866	0.03547112875858935
2070	2.1312631354440783	0.0357493411087547
2072	2.195414071254358	0.03565515416724332
2074	2.2619513245590293	0.02756992687972125
2076	2.322118648258875	0.0369554938613856
2078	2.364859071648435	0.04051888540267969
2080	2.4181269515510273	0.0432601876470861
2082	2.4517814989290887	0.025433163468481117
2084	2.4911881714382385	0.03584378227853918
2086	2.5209915203020263	0.027379797225321096
2088	2.5427718307381095	0.029753196853513138
2090	2.5509406607590837	0.031167153610624387
2092	2.550396040062479	0.023772457765273085
2094	2.5466389477763607	0.03413090703478529
2096	2.5311092087228704	0.035815152072782776
2098	2.5125962562733073	0.031631987461296876
2100	2.486468517773106	0.03207834168206813
2102	2.470338988125692	0.03780648294531092
2104	2.440341268547133	0.029630029628436628
2106	2.4139530142717764	0.026243481146220094
2108	2.3982048789917676	0.030386886599149968
2110	2.3904653007348347	0.031250580641889354
2112	2.3912939286022614	0.04097248845238054
2114	2.4120504169427743	0.04409629321788754
2116	2.433653265380302	0.04403003280397261
2118	2.4777765741923607	0.0533375467393574
2120	2.523308540638782	0.059150574102948085
2122	2.5802670861032246	0.051951048943929705
2124	2.644137113951897	0.06583338337818809
2126	2.714711602960591	0.055700108730930085
2128	2.784238016284648	0.060010615599015035
2130	2.8579630990743197	0.05166497250246765
2132	2.9311411498678814	0.0473737638315252
2134	3.0001040809037023	0.04645968233744961
2136	3.0672212312197242	0.03959646434367799
2138	3.134867930031188	0.046279050568480584
2140	3.20931889486868	0.05721286175656967
2142	3.2704788403625478	0.054017005109950646
2144	3.3464681580283497	0.049902225868485084
2146	3.4216301749329845	0.058931574778642276
2148	3.4853646448630986	0.05567683596308619
2150	3.5620414805819016	0.060702602854419266
2152	3.6285772297373335	0.06541692331579578
2154	3.6904365665199106	0.053355817608295074
2156	3.7607460823940038	0.061784228049879715
2158	3.8191916531256034	0.05307148723841689
2160	3.8717602697309235	0.06518344913212205
2162	3.9174559625491074	0.04916622519377834
2164	3.9575655652656203	0.046475078946077934
2166	3.985889605330872	0.047542753952355195
2168	4.001807404844836	0.05075247483641377
2170	4.008867568803538	0.05971064894002599
2172	4.008805713380895	0.05436724174357403
2174	3.997972416367182	0.05521991454706382
2176	4.003345094552449	0.05126871361814731
2178	3.9932033154771567	0.052530786011617654
2180	3.9931366136562114	0.04773608933557698
2182	3.9993188747037607	0.05254166716149047
2184	4.006264646647281	0.05332084221152988
2186	4.015160693412789	0.06761693878526222
2188	4.042672147643919	0.055292874017546324
2190	4.083971254104643	0.05138459345014256
2192	4.121639116696784	0.06557361964256797
2194	4.175124761237296	0.05629154323391084
2196	4.249273019843629	0.06998736511669873
2198	4.333926956741712	0.04700312793235899
2200	4.417222372744547	0.07133738505136415
2202	4.519436784442234	0.06873430329911277
2204	4.6223646005738495	0.08017445447912469
2206	4.75019336430653	0.06486846312861207
2208	4.860508040180103	0.08123517477437867
2210	4.995083535930745	0.061837599511682564
2212	5.144198315575543	0.049778011710258675
2214	5.286688129011228	0.06399789681799538
2216	5.449844446482037	0.05816380450785815
2218	5.6284116034595515	0.059129310060379116
2220	5.814405166057656	0.06071823217238785
2222	6.007339373931956	0.061558676353804735
2224	6.232319283971179	0.05762378343617421
2226	6.470215096475292	0.07743001214100212
2228	6.757231949097647	0.06433841106746835
2230	7.027998958090005	0.07927402191427128
2232	7.380221879673983	0.07411940188651238
2234	7.747594588362954	0.0648285596591427
2236	8.125553034788117	0.0625293232906441
2238	8.557192993186645	0.12570275984430576
2240	9.041844036433561	0.11329376877240478
2242	9.537721181515854	0.13096913977861732
2244	10.117366215382052	0.1907374836453174
2246	10.719706793912827	0.14530692900482453
2248	11.429725455529749	0.15220483425961084
2250	12.189847724615754	0.2678144046230609
2252	12.933430450870711	0.48605772442018896
2254	13.877380883294256	0.5250223608360525
2256	14.839518889439907	0.5870289195258878
2258	16.17176586494143	0.852788622466805
2260	17.89378299303181	1.1776223516934645
2262	19.00261063209202	1.66491914244592
2264	22.061573083877942	4.611582926095075
2266	23.883947694209656	5.604923082373086
2268		
2270		
2272		
2274		
2276		
2278		
2280	27.30979779577632	3.540391766898353
2282	25.29923095516583	4.264031071788621
2284	24.330843080939843	3.9825671372710487
2286	23.082349457653034	2.8543647724377017
2288	22.91078295308399	3.3127624390986536
2290	22.732532995384563	2.5308957469361646
2292	22.99491415969139	1.9475959790584303
2294	22.415046755568696	1.6464065148666858
2296	22.42252664294517	1.5853451382769719
2298	22.799454826180753	1.7739914804836583
2300	23.004468391846775	2.6873813968356566
2302	23.095914954020667	1.9208758007836886
2304	23.49418635681927	1.3847941413574372
2306	23.966056487848988	2.4624760914586314
2308	24.6628987989972	4.054293549852528
2310	24.62379288303551	3.768635625088831
2312	25.482862368993693	4.947040844248734
2314	28.054770311815897	4.711328949325401
2316	27.280516838431023	2.5397777226691503
2318	32.811113565720945	10.315986780115523
2320	32.26510390321631	9.723072578359467
2322		
2324		
2326		
2328		
2330		
2332		
2334		
2336		
2338	19.523721648589675	4.975783296180106
2340	18.690363790240564	3.3117102469694264
2342	17.787809463528344	3.0283498761570424
2344	16.951885133919543	1.8407366787911672
2346	16.166872081819193	1.0263014132763368
2348	15.412557948640336	0.9092822235669639
2350	14.762289157911065	0.8425691681085776
2352	14.239054867502224	0.5410226232930928
2354	13.76194355794591	0.464860058529353
2356	13.328678730513609	0.5227690786303045
2358	12.99205651738506	0.4514749231218907
2360	12.671242514240546	0.5059671897278298
2362	12.402801751324768	0.5205135358626162
2364	12.132877257524626	0.487199620236247
2366	11.921632160800051	0.4313467542839068
2368	11.682088506271862	0.28855214303779914
2370	11.498318307619572	0.3019887020491356
2372	11.315417664963363	0.24446717996476086
2374	11.110012423001171	0.21175563432245842
2376	10.801707661991856	0.18800253623734062
2378	10.434585349141932	0.36131229708417256
2380	10.061885643740338	0.28856309242548167
2382	9.684565086854311	0.22592111367210113
2384	9.308603689548208	0.20028683324946664
2386	8.969318860771379	0.18754760688516944
2388	8.614159888845501	0.22395038308059476
2390	8.34686035888863	0.19210732589649604
2392	8.062676868721134	0.2067724054444805
2394	7.82561952520746	0.15156247413993035
2396	7.613441538467626	0.13198709987311386
2398	7.450905584140063	0.15123297999838334
2400	7.3283510187794185	0.1516846724522029
2402	7.218351554464246	0.1515569029423568
2404	7.155269794615932	0.16340772532695844
2406	7.123321364140204	0.19274221837038605
2408	7.133106064576299	0.135718839557898
2410	7.128237388934312	0.10154015169126215
2412	7.129171780504987	0.15656325780350408
2414	7.196002743747307	0.1305539317861974
2416	7.265899679803415	0.15294824473289578
2418	7.342548230044645	0.17735375018346564
2420	7.443543688987407	0.18522556125855297
2422	7.588524960031704	0.1854459944862121
2424	7.707815248940651	0.2252713981517052
2426	7.852485679778309	0.1964202635054096
2428	7.970573663228683	0.20066585216194188
2430	8.094384720084992	0.2104916546999404
2432	8.252670706477211	0.24002083733525356
2434	8.367675685017216	0.2237231992671276
2436	8.519269685892814	0.19609590547519287
2438	8.665921457019017	0.24367165258476195
2440	8.860876730880532	0.24958060022371836
2442	9.022639302996689	0.3109575363594983
2444	9.26042238410289	0.3353371876450116
2446	9.476908537177719	0.3778363811352118
2448	9.730783964996109	0.44909895110591064
2450	10.094772105658338	0.28902419575588956
2452	10.439341946391338	0.39169083737420546
2454	10.945885801519557	0.4265145985772253
2456	11.390615380315735	0.5026219139669051
2458	12.103713942552433	0.5112139804842075
2460	12.714454737644813	0.577067236458019
2462	13.444142331595975	0.5401108301604576
2464	14.125852555455678	0.5590253374589269
2466	15.297829682610574	1.35130453170053
2468	16.562314355104032	1.5638814421490896
2470	17.84525539667413	1.903866835670616
2472	19.220658531866743	2.5392200014399244
2474	21.252920820061046	4.9048951094874065
2476	22.012982165041873	3.217931813850138
2478	21.400923285563824	5.533340480481907
2480	22.97445896667895	6.847874575272896
2482		
2484		
2486		
2488		
2490		
2492		
2494		
2496		
2498		
2500		
