nm	mua[cm-1]	mua_std[cm-1]
250		
252		
254		
256		
258		
260	2579.4871726987662	119.36039891763467
262	2477.072158495413	35.798340429602824
264	2575.2404315451545	29.64744865170333
266	2651.0392934291012	28.145602514512543
268	2610.919034415075	28.661742172728815
270	2648.485327150781	27.923638500125044
272	2583.087977105096	325.625551822949
274	2450.494419968954	9.749268018651133
276	2460.382405346947	14.317218923490517
278	2489.967887392216	5.040643217073585
280	2502.643031211999	8.660254037844355
282	2443.243203546576	2.4262464205016867e-13
284	2451.3033468625017	12.289173820347242
286	2337.9135566615264	35.799593349240794
288	2301.4939790021103	33.22709712479065
290	2317.087150595584	2.1218689171462668e-13
292	2280.3284457557643	8.239369589104816
294	2202.3284720119373	4.0703193977868475
296	2186.178599919524	71.10195781126414
298	2186.385275663232	3.858122651930661
300	2199.494249981752	10.627594667678032
302	2107.4889567836	9.044947426633744
304	2121.783620691581	3.6020525644131385
306	2097.978777150154	3.5317304969950953
308	2038.675729434802	98.0252849253727
310	2031.3959090090718	21.201466512510343
312	2002.348179732295	9.452119565867605
314	1969.1265311803559	2.321444944910619
316	1958.6065874740457	3.792380230188829
318	1943.8432077828377	18.18649584902055
320	1908.5901851984936	38.38975964144635
322	1905.9406039712542	6.1905998445428425
324	1858.4802754129732	14.936951918483912
326	1843.9518482355907	7.450728458225292
328	1827.7487500113482	5.202918797684848
330	1814.8949883033902	7.356277235188501
332	1779.8111079498256	6.086970091648344
334	1772.582264085942	2.682253309909008
336	1742.069675528811	13.621412221630637
338	1712.9692942292475	6.836785873991355
340	1705.2209135595438	4.57407904616693
342	1677.5343769807355	2.493304378429966
344	1658.1592610821838	38.8832395881761
346	1647.9827077724622	2.9546237532658477e-13
348	1623.0936922458932	2.387284104273853
350	1601.2422049004078	2.3426298692297984
352	1581.9094845311977	9.697800043672013
354	1579.9117140076341	9.39757876501574
356	1552.5371736729169	8.856129137968347
358	1535.5273556460293	4.53981769320316
360	1519.4304682841707	2.1650635094611275
362	1502.40985773298	9.428367077071139
364	1477.1365211415903	3.7087192690540753
366	1463.757370819558	4.677142843638394
368	1441.953623170168	4.5886148947607355
370	1430.1099594630618	3.493836392950083
372	1413.368644687998	13.173484362477552
374	1397.8344789099112	7.872683673031463
376	1382.7651100684404	12.483356626776255
378	1366.885906309567	18.374920378718876
380	1344.536252371408	6.361297658244826
382	1333.6111777500823	1.86071743898824
384	1321.5302249311144	3.1274037750442836
386	1305.4421402416035	6.142978611723498
388	1288.8842325424441	2.3096576760067985e-13
390	1275.093414664107	6.772941903754354
392	1263.0324538568225	2.8463772012495947
394	1243.4307666776945	5.601306406027744
396	1233.216221287377	3.5891395122322476
398	1213.5043537462875	3.191460978343597
400	1207.4492440697402	6.812900294591705
402	1191.351864478671	3.8027317407015815
404	1180.8544754711754	2.5761515175866583
406	1165.35464356912	5.762799779171723
408	1155.907681081539	3.646158054021281
410	1140.199827883024	5.57122552520036
412	1129.8436915180216	11.09039669109398
414	1118.7450846718348	3.143681260736004
416	1102.3094184997128	7.1401079671726215
418	1088.0921113263112	1.9903762336366355
420	1081.185159661742	3.364999395325348
422	1069.1213338390996	4.223637526076197
424	1058.1583911032853	2.4165864884454615
426	1042.8249538504858	2.899508285470461
428	1035.1857912523515	8.564410288309176
430	1024.0080381888056	7.9349529790317215
432	1012.4386765009724	6.070820778987892
434	1001.6132731897846	1.8110431135870608
436	991.4002784263492	2.723947305585462
438	979.0817924340711	3.368497390025332
440	970.0338060519539	2.9922846456521364
442	958.2132345008392	9.023275205152638
444	948.0136431180504	7.045800957743425
446	937.7855022132912	5.290440553180368
448	928.047368912231	3.4766413936359273
450	918.0304691105225	4.088549040471553
452	905.6852339135455	5.888314170133892
454	897.9088319381001	4.384568364461081
456	889.4692746456813	4.80767117553421
458	877.1873656223011	6.87403451567903
460	868.1247127339296	5.999102362157673
462	858.8249760130404	7.2110847101032025
464	850.6845010269847	2.6704545454544895
466	841.5330999242548	4.058193521256027
468	829.5141455254364	4.012108137392729
470	821.9143836175963	2.6038781163435276
472	814.7846332149012	4.543839383786728
474	804.8524439623679	4.6308225495868545
476	795.9597190829606	4.245148578898645
478	785.8716362350366	5.244718330614051
480	778.1129512509095	3.9711561408482865
482	768.9368985361584	3.6949481321830073
484	759.8549364291188	3.8307752541721922
486	751.2407324577745	2.868550669532671
488	743.2742877267041	3.748705336918827
490	737.2873011146996	3.9319560722904665
492	727.6210677883663	3.3521487942454082
494	720.2880880191153	4.015965961525972
496	711.8074545172224	4.161383554994123
498	702.3995556675542	3.6345564988103094
500	694.0463664293655	4.922266198769837
502	686.0250007846082	2.874020191340705
504	678.3251058243723	5.054466119251365
506	671.1100224192135	4.128411827552818
508	662.8531215775957	4.221295327688036
510	654.7370127272924	3.04915034367008
512	647.9581656271056	3.380504311508293
514	640.7991496671303	3.71373732996959
516	632.5968897514739	5.031227008445987
518	624.3084501058421	4.037127055342176
520	617.9737422329379	4.314905742672161
522	610.4971672340239	3.9639948648307017
524	604.2393463849925	2.70004250212625
526	596.4673890818239	3.4158164099801747
528	588.9902921112001	4.293496982145227
530	582.3599210246801	3.3426689520293102
532	574.9009259052691	1.515700660845304
534	569.1746965472007	2.8846307969184943
536	562.3152629296205	4.214757722142462
538	556.306408168307	3.5919332272456224
540	549.4938699148083	4.4065055647393745
542	542.226793799396	4.7830142501707895
544	536.0759730118411	3.6347502574844923
546	528.9561918857103	3.4818944595850163
548	522.61252472005	3.4071691172870278
550	516.2151786326733	4.30083277867416
552	510.11432178164324	3.7713589244162686
554	504.47317909435526	3.877781326229782
556	498.33037909318926	3.030241141243908
558	491.8685132949841	3.8247041431754947
560	486.7632786680711	3.630566609574789
562	480.91140358366397	3.547139095593549
564	474.91584116005737	4.426706607299478
566	469.5142399335871	4.063913814500379
568	463.6727030847565	3.937298669040622
570	458.81933488905014	3.1844554357038057
572	452.04850655885355	3.87643549850464
574	447.1362965699236	3.4814814814815307
576	440.93828368870044	2.9785834531576425
578	435.39493112999264	3.5975339588346977
580	429.99162727590476	3.2052840328850287
582	424.89500215788854	4.156931879189286
584	419.2360469649663	3.9620188109583334
586	415.2049181661332	3.630052745666412
588	410.5166489117439	4.422490320448537
590	405.34324756466924	4.171000730175144
592	400.1836200481669	2.9527051236590114
594	394.45922739808674	2.5251133754144472
596	389.94729223083027	2.604645421585761
598	386.0522026630594	2.8675775381082595
600	380.58665615825817	3.680098216673209
602	375.4899972850597	4.426391504456257
604	370.48404702185087	3.6584915441191264
606	366.7335690259906	4.430606830805318
608	362.11057311547125	4.693228626631066
610	357.3214498704789	3.9513999955914536
612	353.1728129236608	4.160554259812324
614	347.7961941181041	3.9541897796795924
616	343.10395384521166	4.011707161945118
618	338.8559093202023	4.125956575303092
620	334.26393256096725	4.102835291082597
622	330.3256883854411	3.953764839038519
624	326.70577476052625	3.7770648046367383
626	322.55235327509445	3.8923186192497647
628	319.0910514680414	4.273253872423751
630	314.57134442014654	3.6409735044196854
632	310.92174674559357	2.836601405008741
634	306.3398130739005	3.4792112294015554
636	301.48998935793867	3.468187823158715
638	298.6622472289584	3.9102821220663184
640	293.9002250635186	2.6040439414460144
642	290.18842264169064	2.9352222423928858
644	286.66699055400363	3.1559446592541134
646	282.7355494367282	2.7892765092512404
648	279.0594389247818	2.827681299107949
650	274.742286966759	2.9548475032470556
652	271.4671594615261	3.7734778262176163
654	267.8096839202638	4.292937161363461
656	264.0585912813028	4.845228779993881
658	260.72654636510606	5.084141861204528
660	256.97794614480864	4.6524079720287865
662	254.0207497408932	4.5252658571119975
664	251.20371879527832	3.3021996354549876
666	247.5870461644464	3.400325341304477
668	244.5337994577956	2.8250327105573043
670	241.01065385913395	3.2707360534464542
672	238.30355382904028	3.3136124429780627
674	235.18916784818617	4.0287439902088815
676	232.13905835959517	4.015647724597424
678	229.50295101671978	2.5884209443702124
680	225.12101465091092	3.3368208595836433
682	221.7634683189919	2.951676840774263
684	218.93397521077026	3.582688724320413
686	215.96252918191982	4.531463734877921
688	213.1935589457084	4.318562533927672
690	209.50465201706265	3.2493556247920266
692	206.41829849607925	3.3126674049636926
694	203.52330512148316	3.3462781090108114
696	200.92887418316388	3.2780098238627504
698	198.4954170109442	2.7683838107213625
700	196.21633277833223	2.055579123049931
702	194.06636137366897	2.139033717170129
704	190.41308656737704	2.123059543824292
706	188.21482007875767	2.717885021468151
708	185.0211671115961	3.3514010771744425
710	182.61494161974696	2.590776513907359
712	179.88114857377906	2.890065194387624
714	177.39012178343918	2.764455878922445
716	174.20839360304535	2.783687480809749
718	172.62604972708013	2.4347616308491458
720	169.9061831137367	2.823046014562246
722	167.58377373078267	2.682280563479046
724	164.59790522278914	2.925587561175406
726	163.10813978116747	3.213509699795164
728	161.368611664738	3.4628475972355237
730	158.910131576972	4.262462422951437
732	156.36812358409887	3.308339034152885
734	154.50996379625425	2.6916489826130454
736	152.4119167722186	2.622132092029458
738	150.16540451209804	2.0691922206808435
740	147.643709499111	2.7691647008444225
742	145.40675748500576	3.403980803484789
744	142.75014336580514	3.267165315605033
746	140.23789808556063	3.4308821360532753
748	137.65040868416548	2.378793697459157
750	135.81259952623273	2.637863943110517
752	133.79481346198793	2.769264880893011
754	132.24536793272864	3.299176984084588
756	130.58793320152316	2.906973895151841
758	129.4394926429446	2.5659378093029743
760	126.72706760101815	2.9381515869010952
762	125.06164866393298	2.7694997617422703
764	121.87675707566794	2.395779546078973
766	120.57208727401402	2.893161036161363
768	119.25167812188087	4.5490341798098655
770	117.84751334397612	3.4209728443166174
772	115.06234522745008	2.974055009519994
774	113.60787394487176	3.3180976389532284
776	111.82825337091548	2.4482068882201418
778	111.05291592023522	2.8938219684595814
780	108.5441526100982	3.2668230728802676
782	107.37013327142532	3.2698225701168355
784	105.53277725700704	2.4000880270152343
786	104.12103901266809	2.584465305241816
788	102.65335559589117	3.860364061578406
790	101.57787907419433	3.5360924919689505
792	99.8666998771741	2.882431196977174
794	98.93839922879926	4.039260605457911
796	97.38692086956678	2.3402364933159276
798	95.53289893867068	3.1277684160439647
800	93.45695260328762	4.844853582888859
802	91.51596641388296	3.595927392040503
804	90.86564969322727	3.9053601652627425
806	89.75612525922547	5.422768752280312
808	88.4368972570126	5.000066471532222
810	87.53715482528408	4.7907796840670756
812	84.95851493337267	5.340930307802624
814	84.11918318202318	4.2475710372417685
816	82.20844972885644	2.901715244488048
818	82.16011369333981	4.0596601867018505
820	79.8199144313388	4.3114851438523765
822	79.09606058420057	4.748212509710977
824	78.33442586707268	4.442661495413782
826	77.66918503271773	4.301035997206945
828	77.16380801781614	2.7646674718179853
830	75.59592213068832	3.7961715500268274
832	74.26768450263133	6.221510784738897
834	72.2164773691113	5.808477007433814
836	70.97322776840241	4.974031414649873
838	69.35648537048004	5.72997061307487
840	67.24112012530232	6.819854770918983
842	66.48397197351152	4.8926250302160135
844	65.22804522782656	4.009852892776872
846	65.90146147311494	6.255893320222216
848	65.55876011082549	6.674060191382126
850	65.59750428679608	8.463940193901792
852	64.8805005609804	7.383037810782477
854	62.25050626333013	6.124420750441083
856	60.22055230829659	6.153709621939791
858	57.94994265897993	8.381830998311827
860	57.41957295767118	9.641177124783981
862	54.6658998765308	9.280635629395874
864	55.421858666171445	13.005581453799437
866	54.80030975534525	13.368504169421707
868	55.554418249955006	16.16536091200391
870	54.333989411222795	13.779647955652633
878	50.13670272658233	13.294549004826026
886	54.70892712084815	17.805628109870266
892		
894		
896		
898		
900		
902		
904		
906	46.824798548850175	12.562736577181548
908	47.11581102666329	11.670519310390842
910		
912		
914		
916	40.94116715808011	11.207881741533438
918	38.808360821436814	9.33862776687776
920	35.85163603543505	7.937521255476019
922		
924		
926	32.7932209477376	9.262204951776699
928	30.77082376299368	9.561734686143625
930	31.484079224884606	8.219464609621554
932		
934		
936		
938	30.075470677308733	9.55553864091296
940	29.782666340671188	7.749217257504953
942	29.368416180400757	5.4075096055767515
944	29.48712758209878	5.926153927605684
946	28.7872519573918	4.716397001480166
948	27.791099931601565	3.8245099650479255
950	27.502859380945164	2.835900945227627
952	27.111942218500005	1.8494590609341661
954	26.611297722234248	1.6306736375289184
956	26.57410456408279	1.0608929174901442
958	26.18984434939181	1.0682236924767397
960	26.069741232848486	1.0678191837948479
962	25.332206817204096	1.229574548416545
964	24.958049560828773	1.0775246667987064
966	23.8406633451246	1.2151871614420051
968	23.231737295834236	0.6134618534719866
970	22.975609101766175	1.0487327456059299
972	22.840674266910387	0.6127691980107837
974	22.240849337933383	0.8777326822778954
976	22.1198011102995	0.6120781049304074
978	21.751659194012433	0.8553253828226549
980	21.630358955744995	0.8682427523419303
982	21.894803914427555	1.8570251015553416e-13
984	20.911790006781143	0.863015264259505
986	22.00015004341485	1.055802021675961
988	20.259078399758106	4.5085585045767537e-13
990	21.990723743929095	0.6100141472891166
992	21.51174041212728	3.6566792228203063e-13
994	19.539166150624165	3.5243212529942414e-13
996	18.86537369507307	0.5692754402499594
998	18.652801829746085	0.6034572865510199
1000	18.418183074243863	0.8575796365455676
1002	17.515192076029823	1.0277523783008993
1004	18.288139505114938	0.6034572865510199
1006	17.63217297465695	0.8286462755180041
1008	17.375740305581687	0.8389082722165685
1010	16.809663684273264	2.486907632785446e-13
1012	16.330207853210695	0.8507070497591706
1014	15.845065710854405	0.6072837594609786
1016	15.606363179160581	1.061613669447489
1018	16.579675153538645	0.5946412560681709
1020	15.303595569762242	0.5680836563554263
1022	14.63054990199754	0.8529151384181329
1024	14.789210122698307	0.6116182415907784
1026	14.771308730184861	0.6012288623023088
1028	14.931180431986641	0.6048022879326345
1030	13.352462215295766	0.5926930320766844
1032	13.74241943979341	3.136384224685314e-13
1034	13.849291965389968	0.592261825796611
1036	13.138579216847363	0.6001208105840958
1038	14.74789227047872	1.046034304307501
1040	14.631425054527364	1.8097777814936453e-13
1042	14.388973544714498	0.8425559188785032
1044	13.055286047523163	0.6072837594609786
1046	12.302612683646023	3.173530652614431e-13
1048	12.063708041921505	0.8476055495026682
1050	11.717716984105843	0.5994579378183549
1052	12.062116794459671	0.5909719633810829
1054	11.725400694196633	0.8358564547468734
1056	10.950841507047192	4.763168266737926e-13
1058	10.37080000375859	0.6021182541105339
1060	10.249019827617628	3.061220363613153e-13
1062	10.132426438484561	0.8402339714223718
1064	9.772041392177382	0.5985763820275306
1066	10.874318094373033	2.563865637200528e-13
1068	10.285662399891908	0.5896877070317464
1070	9.815781606795431	1.7763725455703106e-13
1072	9.8146008003785	3.1074024820142853e-13
1074	11.420562382271855	3.630956983284218e-13
1076	8.760866008593565	3.0847695063382636e-13
1078	8.7599486739303	0.842802714783369
1080	9.731784916304871	1.7998230082181025e-13
1082	8.804438688469883	0.5939904265285967
1084	8.805533002340695	0.5994579378183549
1086	8.5716397319635	0.5935573310662238
1088	8.566652482501313	0.6021182541105339
1090	8.449862041465343	0.5968210260684208
1092	8.679494395703182	2.5290103876697545e-13
1094	8.332059724568904	0.8477554599249233
1096	8.32959672301309	3.1192848035483916e-13
1098	8.32959672301309	3.1192848035483916e-13
1100	7.346847025553089	3.557894797131117e-13
1102	9.311320049844985	3.1192848035483916e-13
1104	9.547598976472539	0.606153298255641
1106	7.697747039850194	3.59616454035105e-13
1108	6.716277243215502	3.9927866600662357e-13
1110	8.068771612448526	0.5690764624658803
1112	7.527236333982305	0.5994579378183549
1114	7.45338949083066	0.570472235148873
1116	6.718263296921994	0.5998996901675211
1118	7.187173664484751	4.3645640763457093e-13
1120	7.250755427122804	3.16173763225965e-13
1122	7.0983914644100095	0.8301406347749242
1124	6.615396376853336	0.8586490804078257
1126	6.584702490962407	0.8445009481632528
1128	7.277324641337102	2.5569634998884803e-13
1130	6.617921018334611	0.8410973423256886
1132	6.507068927314771	0.5757170293899052
1134	6.521483982083602	0.8776242637766588
1136	6.437275803229609	0.5789928019611139
1138	6.3637810062082725	0.8870932205112675
1140	6.710492532754042	0.8741104436475118
1142	6.51398374587911	1.0697323212587047
1144	6.62859059559995	0.5852364339017441
1146	6.51421171443972	0.8699463781421836
1148	6.266793413288839	1.2457478295079614
1150	6.495203332271743	0.889665879737802
1152	6.045648138112414	0.6164815445341354
1154	6.680469434652201	1.2415337405641096
1156	6.48877059644522	1.0885914612672962
1158	6.500097662976156	1.12791541127081
1160	7.368239706348294	1.4513919607585524
1162	7.196440071455923	1.6486536698706475
1164	7.149423435964202	1.4611079376007754
1166	7.490464735312292	1.6283898853586156
1168	6.793285597135153	1.3444390664520816
1170	6.41765167980714	1.5020167057387932
1172	5.680739833122917	0.9435246009914692
1174	6.105925101906274	1.1700441033026945
1176	4.134461233269189	0.7297748808224488
1178	3.567658176059111	0.9053122679750136
1180	2.9283297724100534	0.653604078327841
1182		
1184		
1186		
1188		
1190		
1192		
1194		
1196		
1198		
1200		
1202	3.260299613250448	0.8514984244869857
1204	3.1167650307218357	0.8576871117770707
1206	3.0970360149693517	0.8425719696353552
1208		
1210	3.241673318194623	0.6129999093052153
1212		
1214	2.9756545210703376	0.6086458912579004
1216	3.8084671468367772	3.153390795936394e-13
1218	3.216034165129992	0.8320811401671717
1220	3.959314008929356	0.8287672225474828
1222	3.36315639412105	3.1077356086104883e-13
1224	4.007729430906686	0.8479366589712432
1226	2.7854246616720197	0.5858682112684
1228	3.433227333681904	1.0266349326265765
1230	3.316558805689606	0.839327596280724
1232	3.0881435072222576	0.5858682112684
1234	3.0890435453259046	0.5907575323348633
1236		
1238	3.216013651676401	0.8205622391837666
1240	3.6584957072709905	2.5220780347959304e-13
1242	3.4288633530331523	0.5968210260684208
1244	3.20139812828243	0.839755797340953
1246	3.4299473129586993	0.8397512738317578
1248	3.20139812828243	0.839755797340953
1250		
1252	2.960411458379396	3.115406027715491e-13
1254	3.1648124856165842	0.8295863617230095
1256	3.3755814388465826	0.5961654189361596
1258		
1260	2.68622126509129	0.5888346325912779
1262		
1264	2.5699259732846444	3.977718331790218e-13
1266	2.8657719721305024	2.5152618090347217e-13
1268	2.754851773160689	0.5994579378183549
1270		
1272	2.964333641846245	0.8166847505406445
1274	2.6209234779696557	0.8250985628150788
1276	2.8336746156366432	0.5680836563554263
1278	1.9479674548432782	0.5972588991617327
1280		
1282		
1284		
1286		
1288		
1290	2.859412151598967	2.5290103876697545e-13
1292	2.859412151598967	2.5290103876697545e-13
1294		
1296	1.8796703348930213	3.5294241443283027e-13
1298	1.994972390778556	0.5992373055261877
1300		
1302		
1304	2.2193654869313995	3.539542798921805e-13
1306		
1308		
1310		
1312		
1314		
1316	2.1514418041202745	0.6007851509649017
1318	1.9368541873521314	0.5720758113544917
1320		
1322		
1324		
1326	2.07482721499924	0.6018956595618792
1328		
1330		
1332		
1334	3.0757251216118324	0.5765324926044206
1336	3.1482183890515474	2.5092892319914633e-13
1338		
1340	2.370489781771398	0.5753101622314076
1342	2.742123524628984	0.8585405749106475
1344	2.94861905895394	0.875592392139405
1346	3.2820447627389626	0.8848422631540214
1348	3.6762823122229014	0.8953425782306766
1350	3.461855241293261	1.0903606915267559
1352	3.2982304959964814	1.0558958839550603
1354	4.039373805081981	4.172717536591855e-13
1356	3.298383402753747	0.9126283145453539
1358		
1360	2.9652487737531077	0.6680868933584948
1362		
1364		
1366		
1368		
1370		
1372		
1374		
1376		
1378		
1380		
1382		
1384	2.85465307247419	0.7430980187652452
1386	3.0286364861592237	0.0
1388	2.399622429848521	0.7468475959242584
1390		
1392		
1394		
1396		
1398		
1400		
1402		
1404		
1406		
1408		
1410		
1412		
1414		
1416		
1418		
1420		
1422		
1424		
1426		
1428	6.527266216776709	2.0759308367008136
1430	6.347557005648212	2.057287684999744
1432		
1434	7.106759345233072	1.9479324053336409
1436		
1438	7.326333541940675	1.6349975724772823
1440	8.4626070191376	2.261469824360047
1442	8.034958105664987	2.0856319258949547
1444	8.034958105664987	2.0856319258949547
1446	8.05078823770581	1.9935315755859857
1448	8.077030925055059	2.4868279706685725
1450	8.908348124401588	2.0704208456381976
1452	8.477049546433479	1.8808171084606038
1454	8.59628739277901	2.264257680334262
1456	8.511394544908041	2.5022211564224857
1458	8.076029871846629	1.773214532243157
1460	8.23196783483504	1.9843881014604992
1462	8.242533599100263	1.6559951024820398
1464	7.309438295126893	2.07612065833098
1466	7.568438728276935	1.6690497388103622
1468	7.483921694220216	1.7555263428904666
1470	7.965829822127257	1.2592919702056338
1472	7.08235585108906	1.399871308719436
1474	6.870850795064333	1.800968959453699
1476	7.477179896812806	1.7951912498132077
1478	6.706196131056484	1.6880032595780594
1480	7.187158117661158	1.7990002450055302
1482	6.152294210816678	1.7925532735194778
1484	6.73213341335709	1.8012832097586593
1486	6.147458858976494	1.56440020930881
1488	5.65304886702008	1.4170356905059018
1490	5.829129397813194	1.5430577077594045
1492	5.69076358040382	1.4330506862196288
1494		
1496	4.950940038422526	1.2585287703938985
1498	5.209697618260238	1.235310746270406
1500	4.766546193668515	1.5083947139681637
1502	5.135223050598037	1.073199016972213
1504	5.372883751848662	1.2270209366369023
1506	5.382157942352929	1.3696667418705508
1508		
1510		
1512	5.0070382056266	1.4744960896643788
1514	4.701443087932725	1.358068754301007
1516		
1518		
1520		
1522	4.957444930176663	1.3515440397241003
1524	4.259556605528183	1.055935261736102
1526		
1528	5.25456269340862	1.7181030992074686
1530	5.372556795098028	1.6050262834913658
1532	5.490595347382485	1.7182679698939256
1534	5.384324263318501	1.2148835642141225
1536	5.1640968288451035	1.3479127196340053
1538	5.300535143103722	1.7174386699406208
1540	5.534738481980778	1.713493977868498
1542	5.763811487734892	1.4733925048362062
1544	5.647826539775977	1.4733012497522313
1546	5.550750641344134	1.3571365903459807
1548	5.318823663076886	1.215922499709172
1550	5.300535143103722	1.7174386699406208
1552	6.088850057607951	1.499517746395116
1554	5.642004039885617	1.7143267526604775
1556	6.204492551385383	1.6153935339024377
1558	6.204492551385383	1.6153935339024377
1560	6.088850057607951	1.499517746395116
1562	5.4299131804310345	1.4950880909578907
1564	5.669101288014028	1.725424867059924
1566	5.431222349745196	1.7215109402706474
1568	5.6734651620237395	1.2180593071206156
1570	6.039324396395227	1.5898059593894929
1572	5.609265276063302	1.2189131627978023
1574	5.985114953395252	1.4704630023126644
1576	5.092635937291087	1.3430974052632996
1578		
1580	4.945885604486793	1.477866748925732
1582	4.666312820892481	1.363359157848612
1584	4.261976797897273	1.2314943370948332
1586	4.544926024455316	1.3603089845410234
1588	4.241954392507348	0.8723094302023333
1590	4.0943867594982715	1.230699401807469
1592	4.038833261236201	0.8768686998767093
1594	4.118298722288445	1.2295675171952698
1596		
1598		
1600		
1602		
1604		
1606		
1608		
1610		
1612		
1614		
1616		
1618		
1620		
1622		
1624		
1626		
1628		
1630		
1632		
1634		
1636		
1638		
1640		
1642		
1644		
1646	2.9823074381118078	0.9531813307704917
1648		
1650		
1652		
1654	4.508347302452295	1.3947068381956633
1656		
1658	6.746579929268871	2.1886303486323913
1660		
1662		
1664	10.563629770005626	2.68570827477954
1666		
1668		
1670		
1672		
1674		
1676		
1678		
1680		
1682		
1684		
1686		
1688		
1690		
1692		
1694		
1696		
1698		
1700		
1702		
1704		
1706		
1708		
1710		
1712		
1714		
1716		
1718		
1720		
1722		
1724		
1726		
1728		
1730	9.196535739028297	1.915736667997957e-13
1732		
1734		
1736		
1738		
1740		
1742		
1744		
1746		
1748		
1750		
1752		
1754		
1756		
1758		
1760		
1762		
1764		
1766		
1768		
1770		
1772		
1774		
1776		
1778		
1780		
1782		
1784	6.405695813188375	1.860125985530538
1786		
1788		
1790		
1792		
1794		
1796		
1798		
1800		
1802		
1804		
1806		
1808		
1810		
1812		
1814		
1816		
1818		
1820		
1822		
1824		
1826		
1828		
1830		
1832		
1834		
1836		
1838		
1840		
1842		
1844		
1846		
1848		
1850		
1852		
1854		
1856		
1858		
1860		
1862		
1864		
1866		
1868		
1870	5.93816180473832	1.561609864986883
1872	6.101585130126436	1.4134980080462813
1874	6.6697966540541405	1.6947507496684646
1876	7.64759893005014	1.91356506660035
1878	7.6977641936720005	2.0710905714658683
1880	9.473394252521864	2.476650025707498
1882	9.809595815568054	2.9449223828447284
1884		
1886		
1888		
1890		
1892		
1894		
1896	22.423007619588027	6.5823473257621465
1898	25.42877326000207	6.896438534947417
1900	28.242668712857032	6.164157756153108
1902	32.223457222561386	6.614766657556218
1904	35.166705666652454	7.058135917827004
1906	36.8852162628284	7.913428943077504
1908	41.653492341309615	9.242776732592208
1910	43.82184955636905	10.422586317575849
1912	47.474367691121344	12.284425972732373
1914	52.004459283459916	13.709926132491477
1916	56.324646383311	14.407822681543866
1918	61.14844002329311	15.87676530161264
1920	65.74309974816723	16.8478539537255
1922	70.8871511148845	18.432812245208826
1924	75.6054828682059	19.38313009813786
1926	80.70740112693174	20.463234511869295
1928	87.54239983528353	20.754551365411807
1930	92.6890969437361	22.436421940982008
1932	98.78516091862033	24.501232974046303
1934	103.85065112897036	25.709184808081865
1936	107.41553769009292	26.486067770295275
1938	110.73468304344648	28.33388548623544
1940	112.04190642674222	28.75871262225052
1942	114.19899152508265	28.994570497440332
1944	114.30231678188336	29.537152146077663
1946	113.73471949944864	29.080763113150038
1948	112.4175377084056	28.498941961294385
1950	110.98826659053243	28.26214877726132
1952	107.80552809822916	27.97945913212624
1954	102.61140259791321	27.286495177945703
1956	98.77337325332799	26.7131297253609
1958	93.90348415778129	25.68274796211327
1960	88.33770026077026	24.32479888416602
1962	82.48421748825528	22.64098924840577
1964	78.27130701950243	21.012243774299176
1966	72.80339621217966	19.130219527716523
1968	68.74938116779931	17.454952382012145
1970	65.43576624070033	16.664700593175304
1972	60.90564843555451	15.998562921946165
1974	56.40324642710896	14.465297618676502
1976	52.811494979667856	13.344297097778005
1978	48.49874892324918	13.320835424610879
1980	46.557107994303585	12.594685530056797
1982	42.39249312979564	12.105764022816748
1984	39.705174595493446	11.487869674340368
1986	37.48448192116324	10.382964781175717
1988	35.076287182383545	9.715606859842731
1990	32.86302566989399	8.431906341077449
1992	30.914207179938163	7.273538007993444
1994	28.07003342812178	7.5082522552701345
1996	25.49537500658064	6.7547512169724895
1998	24.486822030431714	7.0033684186514655
2000	22.333635090317298	6.21794236787744
2002	21.32357392196203	6.454208860331593
2004	19.96359524006631	5.468474788474562
2006	19.471313184810636	6.420844189849288
2008	19.31882112922474	6.178821650378395
2010	18.982407297343826	6.288013996638009
2012	17.87168694743337	5.353284130052821
2014	18.433154530285147	5.084492585724388
2016	17.388277160011494	5.047814596151111
2018	16.58637078750355	4.949112844394589
2020	15.909301237343382	4.279996111220993
2022	16.076992516344358	4.315791193348768
2024	15.837588031031622	4.934162154772171
2026	16.638703123573684	4.124859562477331
2028	15.161667614968039	4.0395232900034195
2030	14.487811474789643	3.9448868295257804
2032	12.88778599674225	3.652094369916011
2034	13.337463580698575	3.8803408100801824
2036	11.352976480062654	3.0960546419188613
2038	12.043292793219493	3.616026647879739
2040		
2042		
2044		
2046		
2048		
2050		
2052		
2054		
2056		
2058		
2060		
2062	10.680581003169417	3.0506474906808814
2064	10.931295549880934	3.4362823543017855
2066	11.91342705772075	3.4967122069454555
2068	12.18476727111782	3.8259991203370176
2070	11.841604875284197	3.7313596690908133
2072		
2074	12.037324710818552	3.3085565329622146
2076	12.285642961244232	3.7859736657873153
2078		
2080		
2082		
2084		
2086		
2088	9.599404572549663	3.031349212552337
2090		
2092	10.458713733313346	2.899117791537478
2094		
2096		
2098		
2100		
2102		
2104		
2106	10.447860109954325	3.0012118051822627
2108	11.868355473462351	3.6571622784280304
2110	11.663519275893972	3.1506608729298056
2112		
2114	14.720404391529172	4.381563034171369
2116		
2118		
2120		
2122		
2124		
2126		
2128		
2130	15.78739973277114	5.008210403406668
2132	14.709009017415546	4.742096121264115
2134	16.51238732184823	4.543470395470578
2136	15.703947684533047	3.947427650408957
2138	16.568442277240322	4.535163742722071
2140		
2142	16.61260775482116	5.2526597911612525
2144	16.969393217865928	4.999014693599695
2146		
2148		
2150		
2152		
2154		
2156		
2158	16.505578357465467	5.056169378540538
2160		
2162	16.68445091910101	4.849566780090354
2164	17.072769040809966	4.612455075602835
2166	16.274640082273674	5.139289720775101
2168		
2170		
2172		
2174		
2176		
2178		
2180	15.766555391751865	4.73304837878157
2182	17.13453419450944	5.16443487465397
2184	16.411838363101076	5.236332020873875
2186		
2188		
2190		
2192		
2194		
2196		
2198	20.117707109841714	4.984635498949219
2200	23.208242983165192	6.77075734985566
2202	23.43224556303253	7.085219486976362
2204		
2206	20.02895109611692	6.517380070461955
2208		
2210		
2212	16.776392695872417	5.082105878913969
2214		
2216	18.892905195079564	5.854185146030982
2218	21.33907997651805	6.156109595913783
2220	21.47263766571465	6.126832038655951
2222	20.730097937147477	6.430640285416131
2224	20.602084616310137	5.922764961253767
2226		
2228		
2230		
2232		
2234	24.660720278952567	7.901396574355984
2236		
2238		
2240		
2242		
2244		
2246		
2248		
2250		
2252		
2254		
2256		
2258		
2260		
2262		
2264		
2266		
2268		
2270		
2272		
2274		
2276		
2278		
2280		
2282		
2284		
2286		
2288		
2290		
2292		
2294		
2296		
2298		
2300		
2302		
2304		
2306		
2308		
2310		
2312		
2314		
2316		
2318		
2320	3032.919766902333	913.96882236579
2322		
2324		
2326		
2328		
2330		
2332		
2334		
2336		
2338		
2340		
2342		
2344		
2346		
2348		
2350		
2352		
2354		
2356		
2358		
2360		
2362		
2364		
2366		
2368		
2370		
2372		
2374		
2376		
2378		
2380		
2382		
2384		
2386		
2388		
2390		
2392		
2394		
2396		
2398		
2400		
2402		
2404		
2406		
2408		
2410		
2412		
2414		
2416		
2418		
2420		
2422		
2424		
2426		
2428		
2430		
2432		
2434		
2436		
2438		
2440		
2442		
2444		
2446		
2448		
2450		
2452		
2454		
2456		
2458		
2460		
2462		
2464		
2466		
2468		
2470		
2472		
2474		
2476		
2478		
2480		
2482		
2484		
2486		
2488		
2490		
2492		
2494		
2496		
2498		
2500		
