nm	mua[cm-1]	mua_std[cm-1]
450.0	261.6	2.25289936649543
452.0	236.0	2.44999370117608
454.0	216.1	4.533193548702711
456.0	209.79999999999998	6.07304495290459
458.0	193.70000000000002	3.3443152429824
460.0	182.5	4.22421005837587
462.0	171.45	1.93218356615858
464.0	166.0	2.21933145311046
466.0	158.9	2.39165214862027
468.0	150.60000000000002	3.6250500209405296
470.0	142.9	1.8928436657202101
472.0	138.39999999999998	2.0208786745581597
474.0	133.4	2.59305815925596
476.0	125.8	2.61236376571954
478.0	123.05	1.4422205101855898
480.0	118.9	1.5834594248038
482.0	116.8	1.59799256785304
484.0	113.6	2.3939739161300597
486.0	108.7	1.71644191265133
488.0	105.60000000000001	2.4256855973691103
490.0	104.3	1.90846069443995
492.0	101.49999999999999	2.29759294335035
494.0	99.53999999999999	1.5914990216152998
496.0	97.87	1.6401543137276702
498.0	96.13000000000001	1.45142841519809
500.0	94.01	1.1919741897943001
502.0	94.95	1.6644852390787699
504.0	92.09	1.21520002925901
506.0	92.27	1.6168487869927701
508.0	90.33	1.40868295024856
510.0	92.29	1.46764193163938
512.0	92.91	1.27144809053047
514.0	95.57	2.0404084558408
516.0	98.36	1.4130354333145598
518.0	103.49999999999999	1.4530512808195502
520.0	111.80000000000001	2.1236469911946
522.0	122.30000000000001	1.79574256451883
524.0	133.70000000000002	1.48082392814704
526.0	149.3	2.03810636401057
528.0	162.70000000000002	2.56144249483001
530.0	179.35000000000002	0.24999999999998998
532.0	195.15	3.07235658737718
534.0	214.8	1.64384373412505
536.0	222.70000000000005	0.0
538.0	227.4	2.87046892279549
540.0	234.7	4.0569898529163995
542.0	233.45	2.75116137092843
544.0	232.39999999999998	1.46232691283445
546.0	223.89999999999998	0.94997314677407
548.0	214.1	0.0
550.0	196.8	2.5620463759762497
552.0	180.9	1.7682382946499702
554.0	169.95	1.11551557586615
556.0	160.60000000000002	2.4225134527121597
558.0	155.39999999999998	3.6165130535733803
560.0	153.0	1.34996296245489
562.0	155.7	1.17284080571728
564.0	161.7	0.8
566.0	167.7	2.31330024525381
568.0	181.8	3.68277845421865
570.0	202.70000000000002	2.3844496220302
572.0	219.00000000000003	3.09999999999999
574.0	234.00000000000003	2.56857937389522
576.0	250.85000000000002	0.15
578.0	241.5	3.22937902527543
580.0	228.29999999999998	2.64075746709159
582.0	198.75	1.12915897906362
584.0	165.6	1.47807014651696
586.0	131.7	2.22359506205604
588.0	100.69999999999999	1.20410819414613
590.0	78.47	0.85137941810936
592.0	59.02	1.01539264436089
594.0	46.55999999999999	1.4645978675323201
596.0	37.419999999999995	1.10450592272442
598.0	31.15	0.83423950730923
600.0	26.34999999999999	0.95414883535012
600.0	21.31	0.721296843055943
602.0	17.215000000000003	0.6802710856709995
604.0	14.19	0.5245621336874841
606.0	11.9	0.5303062241366066
608.0	10.06	0.4897776769509874
610.0	8.614	0.4119738395146524
612.0	7.45	0.38780821275025
614.0	6.544	0.345147311544892
616.0	5.812	0.3067311526402235
618.0	5.204	0.2765067811103373
620.0	4.716	0.2589723279940671
622.0	4.266	0.2311190169587956
624.0	3.908	0.2071040771337738
626.0	3.593	0.1949363302196545
628.0	3.31	0.1831502789824737
630.0	3.088	0.1675390501743797
632.0	2.873	0.1495393750533886
634.0	2.708	0.1438273999892035
636.0	2.541	0.1365317310380518
638.0	2.409	0.1307157881969528
640.0	2.287	0.1238461809795113
642.0	2.169	0.1233832731725229
644.0	2.085	0.1195216804549092
646.0	2.002	0.1147819188238673
648.0	1.935	0.1145856733767789
650.0	1.871	0.113438295621806
652.0	1.82	0.1104003936296435
654.0	1.7680000000000002	0.1129945918076514
656.0	1.722	0.1093029542257167
658.0	1.6800000000000002	0.1087958786438004
660.0	1.631	0.1094661568987093
662.0	1.5890000000000002	0.1088408057102404
664.0	1.5559999999999998	0.1075547520631145
666.0	1.514	0.1080357736819694
668.0	1.505	0.1075905590424258
670.0	1.4860000000000002	0.1076026067883781
672.0	1.473	0.1039342147112985
674.0	1.4449999999999998	0.1069739786058527
676.0	1.44	0.1058718069467638
678.0	1.436	0.1052552453166428
680.0	1.432	0.1014199191480647
682.0	1.423	0.106128968828927
684.0	1.432	0.1067171176985048
686.0	1.429	0.1042995448778583
688.0	1.431	0.102845923354391
690.0	1.441	0.1070656888475251
692.0	1.447	0.1038524594476863
694.0	1.464	0.1038229737415723
696.0	1.477	0.1044549640092458
698.0	1.5	0.1038400954934979
700.0	1.513	0.1050281561308533
702.0	1.544	0.1055449117440614
704.0	1.573	0.1068087017308613
706.0	1.603	0.1083243870949943
708.0	1.632	0.1129680387444951
710.0	1.663	0.1133987828445141
712.0	1.704	0.1169081099532428
714.0	1.736	0.1211605403718961
716.0	1.775	0.1148436403480622
718.0	1.818	0.1200235573584938
720.0	1.86	0.1217894357761241
722.0	1.906	0.1232305878334506
724.0	1.946	0.1280165884312664
726.0	1.996	0.1266062233954915
728.0	2.047	0.1302033547196342
730.0	2.098	0.1307438358672559
732.0	2.144	0.1354885080088681
734.0	2.206	0.1337137166662096
736.0	2.25	0.1409668553986633
738.0	2.309	0.140842263578361
740.0	2.355	0.1434517168308849
742.0	2.415	0.1451416506914266
744.0	2.465	0.15204385332309
746.0	2.527	0.1497260048996495
748.0	2.579	0.1561459431287137
750.0	2.639	0.1590050857172517
752.0	2.6900000000000004	0.1593812883048961
754.0	2.754	0.1656534386253272
756.0	2.817	0.1626728140914898
758.0	2.8710000000000004	0.1689510850388432
760.0	2.93	0.1731056196533076
762.0	2.989	0.1757045781003788
764.0	3.045	0.1789077974823904
766.0	3.1130000000000004	0.1745059339611531
768.0	3.1590000000000003	0.1889633186691775
770.0	3.223	0.1856716203874033
772.0	3.2840000000000003	0.1876444628664656
774.0	3.335	0.1886631985023465
776.0	3.405	0.19124039554678
778.0	3.462	0.1944805045927912
780.0	3.532	0.1980936927595402
782.0	3.586	0.1985727468774835
784.0	3.643	0.1997072548865489
786.0	3.716	0.204886960704352
788.0	3.782	0.2118185806559734
790.0	3.839	0.2089949494339251
792.0	3.902	0.2201849951717089
794.0	3.969	0.2153003070648582
796.0	4.022	0.2183166801678382
798.0	4.093	0.2162440893361932
800.0	4.164	0.2277904061539961
802.0	4.215999999999999	0.2319296402461128
804.0	4.273	0.2315642992591001
806.0	4.351999999999999	0.2331893735799668
808.0	4.422	0.2357662579655148
810.0	4.471	0.2391169454058975
812.0	4.529	0.2364506578130984
814.0	4.61	0.2412532095353575
816.0	4.674	0.2437908940054982
818.0	4.733	0.2465196759232089
820.0	4.791	0.2581844493313708
822.0	4.865	0.2602018210050054
824.0	4.914	0.2649279892842069
826.0	4.981999999999999	0.2560785951882357
828.0	5.039	0.2631062311859773
830.0	5.112	0.2607939918265743
832.0	5.159000000000001	0.2676529446231298
834.0	5.225999999999999	0.2682249378487219
836.0	5.302	0.2701546881983645
838.0	5.347	0.2740100475764336
840.0	5.41	0.275250637747212
842.0	5.465999999999999	0.2713868816029486
844.0	5.535	0.2702032157058419
846.0	5.589	0.2798668113563403
848.0	5.634	0.2734670404678088
850.0	5.696	0.2825148089639738
852.0	5.734	0.2847533045364787
854.0	5.793	0.2841658792212397
856.0	5.845000000000001	0.2879759935124906
858.0	5.888999999999999	0.2970120752419105
860.0	5.959	0.2828211492606867
862.0	6.013	0.2913047701906073
864.0	6.052	0.2951271330992088
866.0	6.112	0.3009230655134708
868.0	6.139	0.302826683104379
870.0	6.192	0.2998819932515837
872.0	6.253	0.2973205444849707
874.0	6.275	0.3145536912696431
876.0	6.32	0.3016412307672235
878.0	6.3660000000000005	0.3033859946147728
880.0	6.409000000000001	0.3039552030021838
882.0	6.456	0.2971243660302683
884.0	6.473	0.3170698408089571
886.0	6.513	0.309156478817866
888.0	6.544	0.3030169697403386
890.0	6.598000000000001	0.2976600513552996
892.0	6.606	0.3242330361459101
894.0	6.6530000000000005	0.3070274849963922
896.0	6.686	0.3046214408445707
898.0	6.710000000000001	0.3276183793213315
900.0	6.726999999999999	0.3128787482573897
902.0	6.752000000000001	0.3141846983724035
904.0	6.78	0.3205073909511619
906.0	6.813000000000001	0.3182958480935312
908.0	6.823	0.3106427029384222
910.0	6.843	0.3089045159915925
912.0	6.877	0.3103417868920621
914.0	6.863	0.3301891713683064
916.0	6.888999999999999	0.3136352367454829
918.0	6.872	0.3102690986550978
920.0	6.917999999999999	0.320263703073222
922.0	6.936999999999999	0.3212821536005731
924.0	6.928999999999999	0.3241500947873025
926.0	6.953	0.3100355216605964
928.0	6.954000000000001	0.3304475080183771
930.0	6.963	0.3259897748907676
932.0	6.978999999999999	0.3458314011547986
934.0	6.98	0.3297817460078711
936.0	7.0	0.3124288758567873
938.0	7.005	0.3181195132200444
940.0	7.014	0.3139138043208834
942.0	7.020999999999999	0.3000344836148415
944.0	7.01	0.3363813972924849
946.0	7.032	0.3193275728236321
948.0	7.057	0.323741323350054
950.0	7.061	0.3064655540227466
952.0	7.058999999999999	0.3314925096448147
954.0	7.09	0.3183981124703653
956.0	7.1240000000000006	0.3199551280267553
958.0	7.119	0.3210458603446621
960.0	7.135	0.3204234852137766
962.0	7.129	0.329549112097045
964.0	7.107	0.3186625212809559
966.0	7.105	0.3063127587496797
968.0	7.0840000000000005	0.3087095002677364
970.0	7.029	0.3128508499604687
972.0	7.024	0.3280160715725323
974.0	6.993	0.3139742066940146
976.0	6.972	0.3185219336595556
978.0	6.946	0.3071756645453689
980.0	6.895	0.2954813189975693
982.0	6.873	0.3013187475984875
984.0	6.829	0.2891165769403899
986.0	6.776999999999999	0.3071564124813204
988.0	6.766	0.2967172657640082
990.0	6.688	0.2929462513377487
992.0	6.631	0.305873531519075
994.0	6.58	0.2932738576067694
996.0	6.53	0.2868316493376004
998.0	6.5	0.2895335115681563
1000.0	6.422	0.2920217309688178
1002.0	6.394	0.2649302260810534
1004.0	6.347	0.2933231058823093
1006.0	6.287000000000001	0.2956323208578561
1008.0	6.2	0.2899164630640275
1010.0	6.1450000000000005	0.2713971169001771
1012.0	6.047000000000001	0.2879386937492504
1014.0	6.046	0.2595106506056693
1016.0	5.946	0.280332914959832
1018.0	5.864000000000001	0.2744789451998543
1020.0	5.8340000000000005	0.2899743283656522
1022.0	5.707	0.2452787278199796
1024.0	5.656	0.2664562132513463
1026.0	5.587999999999999	0.2698583075853688
1028.0	5.5	0.2541740436087925
1030.0	5.462	0.2577540218938768
1032.0	5.343	0.2575997948776118
1034.0	5.2780000000000005	0.2455628455428694
1036.0	5.220000000000001	0.2465519753382841
1038.0	5.098000000000001	0.2224289038860521
1040.0	5.056000000000001	0.2414608318823848
1042.0	4.95	0.2482603671078876
1044.0	4.868	0.233866586426778
1046.0	4.8420000000000005	0.2310844001658266
1048.0	4.6850000000000005	0.2277996195489945
1050.0	4.6370000000000005	0.2224150829773072
1052.0	4.569	0.2187185462395353
1054.0	4.441	0.2101842812837473
1056.0	4.418	0.214144810817353
1058.0	4.309	0.2149243335125235
1060.0	4.226	0.2033969542241337
1062.0	4.188	0.1922922801041539
1064.0	4.039	0.2025583287431299
1066.0	3.983	0.2001194087982916
1068.0	3.911	0.1907651260931445
1070.0	3.806	0.1893997014611697
1072.0	3.757	0.1916907231279942
1074.0	3.652	0.180100657726673
1076.0	3.565	0.1827007943248018
1078.0	3.53	0.178676063876696
1080.0	3.411	0.1702652252034462
1082.0	3.359	0.1726465739775129
1084.0	3.27	0.1654760435460503
1086.0	3.189	0.164125366115263
1088.0	3.149	0.1611149424831788
1090.0	3.046	0.1563244489302085
1092.0	2.985	0.1535535455729522
1094.0	2.935	0.1463064600313793
1096.0	2.828	0.1442267590452318
1098.0	2.7960000000000003	0.1441904604642376
1100.0	2.726	0.139010346892632
1102.0	2.652	0.1380231685686443
1104.0	2.606	0.1404264228943883
1106.0	2.523	0.1359799367917067
1108.0	2.476	0.1323122942506726
1110.0	2.428	0.126783084902064
1112.0	2.3400000000000003	0.1220711187164734
1114.0	2.315	0.1207388775134582
1116.0	2.248	0.116941686428285
1118.0	2.188	0.1144453074401119
1120.0	2.157	0.1144134801692722
1122.0	2.0860000000000003	0.1119395780579973
1124.0	2.056	0.1107139568749738
1126.0	2.021	0.1081348038444104
1128.0	1.971	0.1018124637644024
1130.0	1.961	0.1031945304321461
1132.0	1.937	0.0983799638338549
1134.0	1.931	0.0956463393038239
1136.0	1.944	0.0916536691121986
1138.0	1.935	0.0942596885677481
1140.0	1.974	0.0898415615004521
1142.0	1.998	0.0843977941318432
1144.0	2.019	0.0846956789021221
1146.0	2.064	0.0855012814863173
1148.0	2.094	0.0800339434163119
1150.0	2.127	0.0763442495833474
1152.0	2.149	0.0771564068053399
1154.0	2.163	0.0730526615396365
1156.0	2.171	0.0709592127672173
1158.0	2.175	0.0672392081386381
1160.0	2.167	0.0680508161615046
1162.0	2.168	0.0636675392610359
1164.0	2.153	0.0625698621887646
1166.0	2.145	0.0582389712973862
1168.0	2.132	0.0634174879491279
1170.0	2.123	0.0595781466273965
1172.0	2.103	0.0558571811977477
1174.0	2.091	0.0552297110951554
1176.0	2.083	0.0551583578838642
1178.0	2.063	0.053880755399949
1180.0	2.065	0.0521815444409889
1182.0	2.056	0.0532021534883924
1184.0	2.037	0.050854913452116
1186.0	2.0380000000000003	0.0475646408766889
1188.0	2.015	0.0472113713023347
1190.0	2.008	0.0461642264363774
1192.0	2.006	0.0436351313892604
1194.0	1.974	0.0415864412851765
1196.0	1.966	0.0411513316766958
1198.0	1.942	0.0402243707222374
1200.0	1.914	0.0412187779333763
1202.0	1.908	0.0395196466221017
1204.0	1.875	0.0388215289641085
1206.0	1.847	0.0370748325670736
1208.0	1.838	0.0351409858838492
1210.0	1.79	0.0410558186730405
1212.0	1.784	0.0369467417832082
1214.0	1.766	0.0341955162752857
1216.0	1.73	0.0356027464608498
1218.0	1.734	0.0320015431726675
1220.0	1.701	0.0320293075668188
1222.0	1.681	0.0288486899803136
1224.0	1.6700000000000002	0.0325132451642574
1226.0	1.628	0.0320485742445917
1228.0	1.628	0.0293173357049971
1230.0	1.616	0.0289089673814498
1232.0	1.5870000000000002	0.0293324915704137
1234.0	1.593	0.02836838790095
1236.0	1.563	0.0261788718880957
1238.0	1.548	0.0247790233867277
1240.0	1.5470000000000002	0.0287174399629335
1242.0	1.508	0.0267627897196881
1244.0	1.502	0.0281582827759237
1246.0	1.493	0.0263696421039679
1248.0	1.463	0.0246521478792767
1250.0	1.467	0.027630275039627
1252.0	1.4349999999999998	0.0268084195361213
1254.0	1.4249999999999998	0.0251705295048705
1256.0	1.427	0.0290746166498087
1258.0	1.3850000000000002	0.0263691739220881
1260.0	1.392	0.0268079590171774
1262.0	1.386	0.0260853300620184
1264.0	1.36	0.0251283126923682
1266.0	1.379	0.0257456696586598
1268.0	1.364	0.0243208999183727
1270.0	1.356	0.0220459676893082
1272.0	1.369	0.0248108896840395
1274.0	1.346	0.0214533660198171
1276.0	1.361	0.0192527054375915
1278.0	1.366	0.0238550147431323
1280.0	1.352	0.0182743157815539
1282.0	1.375	0.0212236765063087
1284.0	1.373	0.0219747329651327
1286.0	1.373	0.0210701356731263
1288.0	1.399	0.0241190463132713
1290.0	1.393	0.0212242581920421
1292.0	1.407	0.0207584580411675
1294.0	1.432	0.0220207533987125
1296.0	1.431	0.0184176512222164
1298.0	1.4680000000000002	0.0199765294381947
1300.0	1.484	0.0196512808617191
1302.0	1.501	0.013735598518691
1304.0	1.5459999999999998	0.0157464477671616
1306.0	1.5590000000000002	0.0176956436014386
1308.0	1.591	0.015121728296285
1310.0	1.645	0.0156544475595615
1312.0	1.6669999999999998	0.0151730755689881
1314.0	1.73	0.0151437555888007
1316.0	1.777	0.0169901932498328
1318.0	1.819	0.0164549515981897
1320.0	1.887	0.0191549883906755
1322.0	1.941	0.0173012523631479
1324.0	2.014	0.0129938256942611
1326.0	2.098	0.0135982932843394
1328.0	2.147	0.0117567947256989
1330.0	2.233	0.0129786148892878
1332.0	2.3200000000000003	0.0150685675628129
1334.0	2.388	0.015726834816114
1336.0	2.491	0.0132664991614215
1338.0	2.577	0.0142204860051343
1340.0	2.667	0.014
1342.0	2.776	0.0142317676300783
1344.0	2.851	0.0148996644257512
1346.0	2.941	0.0136282205390772
1348.0	3.034	0.0204015249974658
1350.0	3.114	0.0198606254796882
1352.0	3.206	0.0104432623444525
1354.0	3.272	0.0196003275356861
1356.0	3.347	0.0203366724641367
1358.0	3.458	0.0227063922038174
1360.0	3.523	0.0255318730846343
1362.0	3.624	0.0328667342798494
1364.0	3.718	0.0151738892041641
1366.0	3.84	0.0283588120735374
1368.0	3.973	0.0286877614030962
1370.0	4.118	0.023016902002176
1372.0	4.313000000000001	0.0278079835769745
1374.0	4.506	0.0286967972575252
1376.0	4.758	0.0360308509783246
1378.0	5.09	0.0319861080957203
1380.0	5.470000000000001	0.041892572782308
1382.0	5.934	0.0466875614597905
1384.0	6.473	0.0547839753086365
1386.0	7.151999999999999	0.10356854949474
1388.0	7.972	0.0552116019297964
1390.0	8.854	0.1110925540059084
1392.0	9.978	0.13123299419518
1394.0	11.21	0.145373083249043
1396.0	12.4	0.280691386260761
1398.0	14.42	0.3671343818290354
1400.0	15.77	0.2880629217958813
1402.0	17.0	0.5286974443425287
1404.0	17.89	0.6594947561075317
1406.0	19.39	0.2753583523741789
1408.0	20.515	0.597787587693155
1410.0	21.68	0.8925743044077001
1412.0	24.315	0.1549999999999993
1414.0	23.95	0.0
1416.0	24.625	0.0250000000000003
1418.0	25.3	0.0500000000000007
1420.0	25.975	0.075000000000001
1422.0	26.363750000000003	0.2637500000000008
1424.0	26.7525	0.4525000000000005
1426.0	27.14125	0.6412500000000003
1428.0	27.53	0.8300000000000001
1430.0	27.637272727272727	0.7545454545454546
1432.0	27.744545454545456	0.6790909090909092
1434.0	27.85181818181818	0.6036363636363637
1436.0	27.95909090909091	0.5281818181818183
1438.0	28.06636363636364	0.4527272727272728
1440.0	28.17363636363637	0.3772727272727273
1442.0	28.28090909090909	0.3018181818181819
1444.0	28.38818181818182	0.2263636363636364
1446.0	28.495454545454542	0.150909090909091
1448.0	28.60272727272727	0.0754545454545455
1450.0	28.71	0.0
1452.0	28.613333333333333	0.0
1454.0	28.51666666666667	0.0
1456.0	28.42	0.0
1458.0	28.31833333333333	0.1166666666666665
1460.0	28.21666666666667	0.2333333333333331
1462.0	28.115	0.3499999999999996
1464.0	28.01333333333333	0.4666666666666662
1466.0	27.911666666666665	0.5833333333333327
1468.0	27.81	0.6999999999999993
1470.0	28.325000000000003	0.3549999999999986
1472.0	27.32	0.5017524843541437
1474.0	26.86	0.0
1476.0	26.605	0.0
1478.0	26.35	0.0
1480.0	25.48	0.0
1482.0	25.73	0.0
1484.0	25.19	0.5690537955432892
1486.0	25.18	0.0
1488.0	24.620000000000005	0.3600000000000012
1490.0	24.495	0.1849999999999987
1492.0	24.785	0.0250000000000003
1494.0	24.0575	0.0725000000000006
1496.0	23.33	0.120000000000001
1498.0	21.73	0.1100000000000029
1500.0	22.035	0.4711156970426685
1502.0	23.14	1.370000000000001
1504.0	21.425	0.6544654307142576
1506.0	21.78	0.5126618985473976
1508.0	20.68	0.3100000000000023
1510.0	20.52	0.0920144916122818
1512.0	20.77	0.6656492236072137
1514.0	19.84	0.5299999999999976
1516.0	19.33	0.5211225863460526
1518.0	18.85	0.4318178628387987
1520.0	19.015	0.8001197826992327
1522.0	18.04	0.4536959334179667
1524.0	17.17	0.2950706130177428
1526.0	17.490000000000002	0.6478232783715017
1528.0	16.645	0.9015434296558068
1530.0	16.34	0.5804607599808544
1532.0	16.279999999999998	0.42754161988594
1534.0	15.94	0.5344491907562408
1536.0	15.315	0.445414133139037
1538.0	14.970000000000002	0.5349518085771837
1540.0	14.58	0.6035225813280221
1542.0	14.44	0.3788220859975112
1544.0	14.1	0.2835705289658276
1546.0	13.5	0.4083964425910042
1548.0	13.63	0.2720638711773392
1550.0	13.225	0.2262603588788813
1552.0	12.785	0.3367821584084025
1554.0	12.39	0.3430401481020504
1556.0	12.47	0.311083332093143
1558.0	11.83	0.2327134623427612
1560.0	11.84	0.2956390859406155
1562.0	11.37	0.2024174881431266
1564.0	11.080000000000002	0.1800685740434032
1566.0	11.2	0.2365962336508713
1568.0	10.67	0.232097255051561
1570.0	10.67	0.2031480637428507
1572.0	10.55	0.187082869338697
1574.0	10.2	0.1893719313812418
1576.0	10.009999999999998	0.2107763427585425
1578.0	9.865	0.1734105241227971
1580.0	9.852	0.1925919373208226
1582.0	9.483	0.169134251592421
1584.0	9.294	0.1515065088444132
1586.0	9.225	0.2822233158334015
1588.0	9.026	0.2545692561422911
1590.0	8.749	0.209287031916445
1592.0	8.754	0.1721704581705777
1594.0	8.606	0.1703182931679811
1596.0	8.543	0.1499062258320508
1598.0	8.347999999999999	0.1294344774417436
