nm	musp[cm-1]	musp_std[cm-1]
600.0	4.29	0.9036833270319616
602.0	4.7545	1.0129614920494263
604.0	5.215999999999999	1.0178447818798304
606.0	5.446	1.0589475907711392
608.0	5.695	1.0816585116396344
610.0	5.891	1.0549560285728607
612.0	6.049	1.0741536662719315
614.0	6.143999999999999	1.0578435553777887
616.0	6.202	1.0634999985489328
618.0	6.254999999999999	1.047324221381019
620.0	6.32	1.0424548780832223
622.0	6.355	1.03774618081806
624.0	6.385	1.0247765549886088
626.0	6.381	1.0170287636900144
628.0	6.403	1.0203934970828112
630.0	6.409000000000001	1.013466852802002
632.0	6.4190000000000005	1.011182744715255
634.0	6.424	1.0023470235180805
636.0	6.413	1.000944220890122
638.0	6.421	0.998914966907149
640.0	6.417000000000001	0.99291621866296
642.0	6.403	0.9948670610367008
644.0	6.395999999999999	0.9890541809423314
646.0	6.391	0.9915824365099768
648.0	6.38	0.9928603770898816
650.0	6.371	0.9833764711190812
652.0	6.361	0.9834408980716632
654.0	6.355	0.9768411422969197
656.0	6.336	0.9727765530800082
658.0	6.323	0.9743232535812414
660.0	6.327	0.967287935734383
662.0	6.302	0.9718068445992116
664.0	6.301	0.9616536426359864
666.0	6.309	0.9734884579581712
668.0	6.269	0.9630134416968896
670.0	6.28	0.96669471223684
672.0	6.254	0.9627015357386632
674.0	6.2780000000000005	0.9637656469402832
676.0	6.244	0.9604731987057726
678.0	6.241	0.9568855730963868
680.0	6.231	0.9478351943009689
682.0	6.228	0.951905314826565
684.0	6.2250000000000005	0.9592435033741078
686.0	6.195	0.9518526315027792
688.0	6.199	0.9530125075287172
690.0	6.189	0.9520926399577554
692.0	6.187	0.953005706458891
694.0	6.170999999999999	0.9526421866590148
696.0	6.143999999999999	0.9487689619764532
698.0	6.1080000000000005	0.9388713213346606
700.0	6.081	0.933477343387232
702.0	6.073	0.9450184138254318
704.0	6.052	0.9379589477446872
706.0	6.057	0.9495438411009992
708.0	6.04	0.9433949332066608
710.0	6.034000000000001	0.9460711742076632
712.0	6.007	0.9444570587392892
714.0	5.994000000000001	0.9368234875970932
716.0	5.985	0.93567200383758
718.0	5.979	0.9410476562629676
720.0	5.949	0.9429121687753804
722.0	5.9350000000000005	0.932603166768517
724.0	5.937	0.9390678593394858
726.0	5.911999999999999	0.9346587018205572
728.0	5.892	0.934911998235366
730.0	5.888999999999999	0.936952796681816
732.0	5.847	0.9430574521335862
734.0	5.8260000000000005	0.9376637371417416
736.0	5.829	0.9359028914487988
738.0	5.792000000000001	0.9358301655564604
740.0	5.773000000000001	0.9341072981432296
742.0	5.774	0.9405673753933425
744.0	5.754	0.9415609314613266
746.0	5.744	0.9308491941352384
748.0	5.734	0.936885792214996
750.0	5.718999999999999	0.9442251117865882
752.0	5.699999999999999	0.9376434342950112
754.0	5.696	0.9413374383500882
756.0	5.684	0.9402765681922304
758.0	5.644	0.9364946988572088
760.0	5.648999999999999	0.9315060684480564
762.0	5.644	0.9386662457911517
764.0	5.595	0.93283476101506
766.0	5.581	0.9362559927448354
768.0	5.587	0.9441732551827918
770.0	5.571000000000001	0.9368722194384652
772.0	5.545999999999999	0.9334661810216324
774.0	5.536	0.9359604692507052
776.0	5.518999999999999	0.9401417150857868
778.0	5.493	0.9333108330621214
780.0	5.472	0.9370941030786032
782.0	5.456	0.9283553491637712
784.0	5.44	0.930658601259756
786.0	5.427999999999999	0.9328236703686288
788.0	5.396	0.9343735605298792
790.0	5.404	0.9314967379650376
792.0	5.384	0.9379648312657344
794.0	5.36	0.9340013218062396
796.0	5.34	0.9313453166068064
798.0	5.341	0.9353281592211896
800.0	5.315	0.9295069182696336
802.0	5.324999999999999	0.9374788886511882
804.0	5.279	0.9316296885260849
806.0	5.286	0.9367897902470496
808.0	5.248	0.9286334045251656
810.0	5.236	0.9326371212856585
812.0	5.208	0.9317598641519416
814.0	5.198	0.9306860207050512
816.0	5.181	0.9319849121864634
818.0	5.187	0.9271063438675772
820.0	5.175999999999999	0.9361812502573066
822.0	5.152	0.9330332983353108
824.0	5.135	0.9354353842060346
826.0	5.114999999999999	0.9301254926614824
828.0	5.084999999999999	0.9300583945559284
830.0	5.061999999999999	0.9271392213699456
832.0	5.063	0.927987308342331
834.0	5.049	0.9315650444809344
836.0	5.038	0.927305654990725
838.0	5.006	0.9320857269957178
840.0	5.007000000000001	0.92683163999126
842.0	4.9830000000000005	0.9214679110588232
844.0	4.973	0.9190948177150264
846.0	4.95	0.9191515142634752
848.0	4.949	0.9180177921296878
850.0	4.939	0.9226277421676002
852.0	4.908	0.9280278704839968
854.0	4.896	0.9272010449615432
856.0	4.879	0.927261812615942
858.0	4.871	0.9237886295569812
860.0	4.864	0.923916181864519
862.0	4.844	0.9188822248851464
864.0	4.815	0.9174214804763982
866.0	4.827	0.9275689984651172
868.0	4.796	0.9283259458446668
870.0	4.779999999999999	0.921608591030774
872.0	4.767	0.9210802970318316
874.0	4.787	0.9250163295188596
876.0	4.756	0.914863168612635
878.0	4.742	0.9196437716130452
880.0	4.723	0.9149990892527344
882.0	4.709	0.9104998627127848
884.0	4.691	0.919496614834094
886.0	4.696	0.9162422586539054
888.0	4.655	0.9198754746643096
890.0	4.674	0.9126104330266752
892.0	4.683	0.9275009433957466
894.0	4.657	0.9069111326194732
896.0	4.632	0.911298463122203
898.0	4.621	0.9188727393448514
900.0	4.609	0.9040790280107646
902.0	4.61	0.9061359966607906
904.0	4.611	0.9121811602613826
906.0	4.586	0.910575276038908
908.0	4.579	0.9145579381440097
910.0	4.601	0.903222133377068
912.0	4.527	0.9011271953626868
914.0	4.547	0.9166489829944128
916.0	4.553	0.9082527793027176
918.0	4.5440000000000005	0.9087436721806624
920.0	4.53	0.9077928191328324
922.0	4.512	0.9058924935534808
924.0	4.547	0.9095097580565036
926.0	4.526	0.8973309806804226
928.0	4.508	0.9202549163743226
930.0	4.494	0.9088490890498084
932.0	4.481	0.9277405182139036
934.0	4.485	0.9122355256845612
936.0	4.458	0.9055518609331582
938.0	4.487	0.905095384101028
940.0	4.492	0.912263133471565
942.0	4.479	0.8929475258662277
944.0	4.503	0.9245190942082026
946.0	4.486	0.9022576621391968
948.0	4.423	0.9016841033434172
950.0	4.462	0.8968201162929244
952.0	4.44	0.9113220487529146
954.0	4.452999999999999	0.9038546807704309
956.0	4.422	0.9008006315371776
958.0	4.451	0.8981281494527972
960.0	4.444	0.8932147931302228
962.0	4.408	0.9155446601293452
964.0	4.417	0.8971034871555603
966.0	4.401	0.8910264298916345
968.0	4.426	0.8875320477607946
970.0	4.444	0.8979802576949432
972.0	4.44	0.9135719882843266
974.0	4.436999999999999	0.8990699446828921
976.0	4.411	0.8998297507011611
978.0	4.414	0.902062383214086
980.0	4.436999999999999	0.8766376561880703
982.0	4.417	0.8850671174939987
984.0	4.413	0.8788402852131784
986.0	4.425	0.9010240401829764
988.0	4.407	0.8869401833770353
990.0	4.407	0.8865886487536176
992.0	4.464	0.8915518306114718
994.0	4.451	0.8862566442663055
996.0	4.4590000000000005	0.8827625968906567
998.0	4.472	0.886180791408688
1000.0	4.44	0.8933335959093036
1002.0	4.434	0.8668211400795949
1004.0	4.452999999999999	0.896227250171862
1006.0	4.469	0.8905446661842042
1008.0	4.462	0.8847240624435773
1010.0	4.471	0.8716599744803654
1012.0	4.508	0.8859561620010633
1014.0	4.44	0.8677138260686053
1016.0	4.495	0.8853387020140657
1018.0	4.513	0.8851160626971156
1020.0	4.49	0.8947162182005594
1022.0	4.487	0.8631984593631489
1024.0	4.507	0.879830300697067
1026.0	4.497999999999999	0.8896758183340688
1028.0	4.524	0.8749455856096295
1030.0	4.5	0.8863073345956383
1032.0	4.547	0.8862924997210168
1034.0	4.545	0.8756724541251601
1036.0	4.546	0.8796503233433298
1038.0	4.549	0.8536550174917787
1040.0	4.554	0.8758467648827365
1042.0	4.559	0.8811195459873692
1044.0	4.591	0.8728223837529874
1046.0	4.549	0.8740595086670918
1048.0	4.618	0.8802255322667714
1050.0	4.598	0.8785812356602666
1052.0	4.567	0.878889043404959
1054.0	4.604	0.865205449090447
1056.0	4.607	0.8754461719603327
1058.0	4.611	0.8749093215800446
1060.0	4.62	0.8716996311308042
1062.0	4.615	0.8572468852216508
1064.0	4.67	0.8797637309086016
1066.0	4.66	0.8716891647829517
1068.0	4.638999999999999	0.8658539494212606
1070.0	4.673	0.8687351952730895
1072.0	4.663	0.8678230035163269
1074.0	4.682	0.865306853444074
1076.0	4.687	0.8701613444827911
1078.0	4.662	0.8671354430209908
1080.0	4.697	0.8632265056171528
1082.0	4.693	0.8703111548020279
1084.0	4.699	0.8664357954599528
1086.0	4.693	0.8644898017235082
1088.0	4.696	0.8657684804428926
1090.0	4.709	0.8655690627957634
1092.0	4.713	0.8634756639432417
1094.0	4.708	0.8581827627731682
1096.0	4.729	0.858312685835801
1098.0	4.724	0.858438116581504
1100.0	4.714	0.8546077433897544
1102.0	4.725	0.8559715727366966
1104.0	4.74	0.8623268264153422
1106.0	4.746	0.8625847462391416
1108.0	4.739	0.8623750294147116
1110.0	4.731	0.8572647861543404
1112.0	4.744	0.8534161128830383
1114.0	4.744	0.8553949199848
1116.0	4.742	0.8568780687421975
1118.0	4.76	0.8523719845231894
1120.0	4.752	0.8582006297991479
1122.0	4.7620000000000005	0.8567607960967841
1124.0	4.76	0.8579787617159038
1126.0	4.768	0.854536145924418
1128.0	4.757	0.8524365078995619
1130.0	4.757	0.8565988011740615
1132.0	4.763	0.8548743897334987
1134.0	4.758	0.8511806760082588
1136.0	4.739	0.8442640450580483
1138.0	4.757	0.8504396829411172
1140.0	4.745	0.8447284171646127
1142.0	4.736000000000001	0.8427546250390391
1144.0	4.732	0.8478123627720558
1146.0	4.708	0.8458867069458262
1148.0	4.709	0.8412711281811063
1150.0	4.705	0.8374875713100257
1152.0	4.694999999999999	0.8417858588137279
1154.0	4.7010000000000005	0.8373037562598852
1156.0	4.688	0.83621515041153
1158.0	4.69	0.8334759877898237
1160.0	4.687	0.8389279902587029
1162.0	4.671	0.8299886359477877
1164.0	4.67	0.8336223646913393
1166.0	4.666	0.8280337859153357
1168.0	4.663	0.8334934512840119
1170.0	4.657	0.8317326998204516
1172.0	4.6610000000000005	0.8320061134628194
1174.0	4.667	0.8288651917970977
1176.0	4.654	0.8322833978405357
1178.0	4.656000000000001	0.8259602866129392
1180.0	4.65	0.827944039976938
1182.0	4.653	0.8291504055729142
1184.0	4.6450000000000005	0.8258331520723351
1186.0	4.635	0.8203206389073019
1188.0	4.654	0.8300312057200837
1190.0	4.658	0.8295746493025399
1192.0	4.638999999999999	0.8230941622925048
1194.0	4.633	0.8179688182652937
1196.0	4.607	0.8165429838314971
1198.0	4.616	0.8148041043067111
1200.0	4.618	0.8187529059415022
1202.0	4.608	0.8180128285389667
1204.0	4.611	0.817683056108486
1206.0	4.609	0.8177125879813822
1208.0	4.622	0.8171006254426473
1210.0	4.62	0.8222708093752431
1212.0	4.612	0.8209834211345425
1214.0	4.601	0.8149798149435555
1216.0	4.626	0.8190642960034665
1218.0	4.607	0.8103096801703519
1220.0	4.607	0.8124677087600329
1222.0	4.612	0.8145443170536791
1224.0	4.608	0.822012901283516
1226.0	4.623	0.8189295180634016
1228.0	4.606	0.8141943529922352
1230.0	4.611	0.8157833923351693
1232.0	4.612	0.8178338296007975
1234.0	4.603	0.8174065733604295
1236.0	4.604	0.8107945348716761
1238.0	4.604	0.8147782399198652
1240.0	4.6000000000000005	0.8176579169406988
1242.0	4.614	0.8174490734316853
1244.0	4.611	0.8202079682075218
1246.0	4.61	0.8170599657640318
1248.0	4.608	0.8165153752530881
1250.0	4.599	0.8214320828082299
1252.0	4.6000000000000005	0.8132105705773663
1254.0	4.593999999999999	0.8159729026001891
1256.0	4.605	0.8175972626853746
1258.0	4.613	0.8188649325607844
1260.0	4.596	0.8155835145071303
1262.0	4.599	0.8149952662136248
1264.0	4.606	0.8161112094395222
1266.0	4.6000000000000005	0.8179889974810175
1268.0	4.602	0.8172285142140139
1270.0	4.593	0.8148491036556371
1272.0	4.592	0.8148409524427315
1274.0	4.592	0.8086862841503121
1276.0	4.598	0.8052498577046342
1278.0	4.585	0.8117944153783679
1280.0	4.604	0.8044509207842437
1282.0	4.579	0.8108978562885297
1284.0	4.591	0.8117554366241649
1286.0	4.58	0.809999039779952
1288.0	4.559	0.8131247000170257
1290.0	4.57	0.8125286243770732
1292.0	4.5600000000000005	0.8084740083776487
1294.0	4.564	0.8069407247954049
1296.0	4.566	0.8095177043031528
1298.0	4.562	0.8045932029430913
1300.0	4.543	0.8100421723513253
1302.0	4.537	0.8024091502746243
1304.0	4.529	0.8036251198994051
1306.0	4.535	0.8049760674304565
1308.0	4.525	0.8031144930138473
1310.0	4.521	0.8100436202246561
1312.0	4.497	0.8047282495075934
1314.0	4.501	0.8031659269247169
1316.0	4.492999999999999	0.8036753075714098
1318.0	4.492999999999999	0.8044961769737828
1320.0	4.477	0.8016552320736833
1322.0	4.46	0.805598466290055
1324.0	4.449	0.7986072753531072
1326.0	4.438	0.7980006188307882
1328.0	4.439	0.7908530477970459
1330.0	4.4350000000000005	0.7967304019135539
1332.0	4.421	0.7949054606417196
1334.0	4.412	0.7998148088120537
1336.0	4.402	0.7931298058255589
1338.0	4.386	0.7940183317223294
1340.0	4.359	0.7942858116681198
1342.0	4.354	0.7964754923263762
1344.0	4.331	0.7908940089122775
1346.0	4.324	0.7918314604310661
1348.0	4.327	0.7900545847684072
1350.0	4.3	0.7861487623492196
1352.0	4.291	0.7944271171381578
1354.0	4.286	0.7895900483443572
1356.0	4.258	0.7891158828354742
1358.0	4.238	0.7825017019663579
1360.0	4.229	0.7788936756866698
1362.0	4.223	0.7725914544929651
1364.0	4.167	0.7850692821514403
1366.0	4.191	0.776166648772457
1368.0	4.16	0.7749929191233672
1370.0	4.128	0.7804226774995429
1372.0	4.088	0.766859540956201
1374.0	4.085	0.7845038063784153
1376.0	4.044	0.773994257802415
1378.0	3.996	0.764258827594131
1380.0	3.924	0.7810130331977125
1382.0	3.839	0.74625545885879
1384.0	3.828	0.8008765722323368
1386.0	3.765	0.8312798699729366
1388.0	3.553	0.7894639531564018
1390.0	3.401	0.739219675330048
1392.0	3.221	0.7572040839109084
1394.0	3.035	0.7640224610491856
1396.0	2.777	0.7785133981577396
1398.0	2.249	0.9125924429413056
1400.0	1.956	0.8569412880186781
1402.0	1.923	0.9319835322817912
1404.0	2.0250000000000004	0.5086628440223337
1406.0	1.815	0.7356271710059533
1408.0	1.8365	0.610648460142986
1410.0	1.847	0.8277480145283077
1412.0	0.5211	0.0836
1414.0	1.2939999999999998	0.0
1416.0	1.1859	0.0247666666666666
1418.0	1.0778	0.0495333333333333
1420.0	0.9697	0.0743
1422.0	0.87340625	0.17909375
1424.0	0.7771125000000001	0.2838875
1426.0	0.68081875	0.38868125
1428.0	0.5845250000000001	0.493475
1430.0	0.5392554545454546	0.4486136363636364
1432.0	0.4939859090909091	0.4037522727272727
1434.0	0.4487163636363637	0.3588909090909091
1436.0	0.4034468181818182	0.3140295454545455
1438.0	0.3581772727272727	0.2691681818181818
1440.0	0.3129077272727273	0.2243068181818182
1442.0	0.2676381818181818	0.1794454545454545
1444.0	0.2223686363636363	0.1345840909090909
1446.0	0.1770990909090908	0.0897227272727272
1448.0	0.1318295454545454	0.0448613636363636
1450.0	0.08656	0.0
1452.0	0.2740733333333333	0.0
1454.0	0.4615866666666667	0.0
1456.0	0.6491	0.0
1458.0	0.7740166666666667	0.0727333333333333
1460.0	0.8989333333333334	0.1454666666666666
1462.0	1.02385	0.2182
1464.0	1.1487666666666667	0.2909333333333333
1466.0	1.2736833333333335	0.3636666666666666
1468.0	1.3986	0.4364
1470.0	0.5064	0.0834999999999999
1472.0	0.6066	0.5537632247969927
1474.0	1.034	0.0
1476.0	0.9838	0.0
1478.0	0.9336	0.0
1480.0	1.491	0.0
1482.0	1.4660000000000002	0.0
1484.0	1.127	0.3924699563873223
1486.0	1.3690000000000002	0.001
1488.0	1.6745	0.1395
1490.0	1.28025	0.31275
1492.0	1.00435	0.0126499999999999
1494.0	1.0090499999999998	0.08995
1496.0	1.01375	0.16725
1498.0	2.3385	0.0134999999999998
1500.0	1.415	0.5870695763706377
1502.0	0.84047	0.77453
1504.0	1.437	0.6439156524732103
1506.0	1.449	0.6392551412038511
1508.0	1.5715	0.3835
1510.0	1.606	0.3439253795035584
1512.0	0.9242	0.7153141143736941
1514.0	1.8585	0.2535
1516.0	1.6635	0.5784408067166424
1518.0	1.091	0.8638728092417438
1520.0	1.0632	0.6374488365089913
1522.0	1.596	0.5656728326515248
1524.0	1.9545	0.824526732940378
1526.0	1.4485	0.625251724807697
1528.0	1.9405	0.63987665912181
1530.0	1.959	0.8723521101491258
1532.0	1.963	0.6092724108411974
1534.0	1.5435	0.5447167048969125
1536.0	1.9765	0.7610493343896966
1538.0	2.197	0.7805096103668423
1540.0	1.945	0.9120070333549456
1542.0	1.874	0.7759346679256502
1544.0	2.332	0.8059079048007958
1546.0	2.298	0.8561095098405964
1548.0	2.393	0.8455269422082302
1550.0	2.3315	0.7957840951500287
1552.0	2.4565	0.3896907605895844
1554.0	2.442	0.8929594297670397
1556.0	2.53	0.9329505895111144
1558.0	2.739	0.8177563402987258
1560.0	2.406	0.7805703043288285
1562.0	2.781	0.8712637054557274
1564.0	2.7700000000000005	0.7799450123067793
1566.0	2.7350000000000003	0.8870887605734852
1568.0	2.951	0.8780215132773102
1570.0	2.734	0.8392966337989048
1572.0	2.638	0.804158236378763
1574.0	2.959	0.8252411693888769
1576.0	3.01	0.8398675086576247
1578.0	2.987	0.8252572662846148
1580.0	2.841	0.8091831271926851
1582.0	3.123	0.8512289155489647
1584.0	3.147	0.7584881160718487
1586.0	3.0380000000000003	0.7359139442443887
1588.0	3.215	0.899866629349752
1590.0	3.2990000000000004	0.7719117361428455
1592.0	3.222	0.8198108333445806
1594.0	3.154	0.8396648067260655
1596.0	3.182	0.8008595074151795
1598.0	3.333	0.8713235710297861
