nm	musp[cm-1]	musp_std[cm-1]
450.0	6.429	0.0813685412562669
452.0	6.462	0.0775256230044119
454.0	6.454	0.0621725992601678
456.0	6.42	0.0742639603203944
458.0	6.43	0.0823407554009555
460.0	6.414	0.0728953249191037
462.0	6.391	0.0672772043282285
464.0	6.399	0.086982047246601
466.0	6.372999999999999	0.0578523023646329
468.0	6.329000000000001	0.0621821299406075
470.0	6.363	0.0600797823474218
472.0	6.33	0.0529894002910948
474.0	6.303999999999999	0.0650517362955192
476.0	6.289	0.0716210880042576
478.0	6.321	0.0676855474479845
480.0	6.288	0.0645763018872409
482.0	6.276000000000001	0.0589421143114682
484.0	6.248	0.0592004337655114
486.0	6.231	0.071163348868798
488.0	6.228	0.0687459089691888
490.0	6.206	0.0698470993238129
492.0	6.212	0.0811753170536798
494.0	6.165000000000001	0.0697567201063811
496.0	6.197	0.0734877162826853
498.0	6.118	0.0770480049172488
500.0	6.127000000000001	0.0743564986325259
502.0	6.114000000000001	0.0788614975921021
504.0	6.082999999999999	0.0757927648913576
506.0	6.096	0.071024252508875
508.0	6.0840000000000005	0.0783446012384382
510.0	6.061	0.0558147287964144
512.0	6.047000000000001	0.0658181182605371
514.0	6.010999999999999	0.0613184361940512
516.0	6.032	0.0614264590916911
518.0	6.009	0.0592267040205329
520.0	5.997	0.0555773290665612
522.0	5.954000000000001	0.0615800192061687
524.0	5.949999999999999	0.0652160701243882
526.0	5.920999999999999	0.0681052199736137
528.0	5.934	0.0676802577119103
530.0	5.918	0.0717523174659076
532.0	5.896	0.0650249714615873
534.0	5.894	0.070595876492737
536.0	5.865	0.0692645670376532
538.0	5.868	0.072367887292024
540.0	5.835	0.0720709526940098
542.0	5.819	0.0794836732982796
544.0	5.791	0.0768834294786275
546.0	5.775	0.0763342228639741
548.0	5.77	0.0790780205451132
550.0	5.739999999999999	0.0632929695937866
552.0	5.716	0.0609519138540302
554.0	5.747	0.0595938931331513
556.0	5.694	0.0582938490709456
558.0	5.711	0.0544517001967892
560.0	5.694	0.0592585879591607
562.0	5.656	0.065763887422269
564.0	5.659999999999999	0.0659704385723797
566.0	5.651000000000001	0.0594885609919158
568.0	5.623	0.059461991179759
570.0	5.635	0.0578503817331112
572.0	5.613	0.0597081378741212
574.0	5.597	0.066151341634165
576.0	5.593	0.0667699200405558
578.0	5.571000000000001	0.0639826365334983
580.0	5.5440000000000005	0.0393844614342904
582.0	5.533	0.0603264780226503
584.0	5.531000000000001	0.0500333222296235
586.0	5.507	0.0520159045003319
588.0	5.464	0.052099856638271
590.0	5.472	0.0522857769296373
592.0	5.429	0.0519187399265002
594.0	5.436	0.0509705797494987
596.0	5.427999999999999	0.0513138491161119
598.0	5.392	0.0578633980985056
600.0	5.377	0.0562081668860616
602.0	5.381	0.0564507870452191
604.0	5.369000000000001	0.0521034109449544
606.0	5.333	0.0558591703624413
608.0	5.323	0.054937899846155
610.0	5.319000000000001	0.0536955293906598
612.0	5.313	0.0542349711788017
614.0	5.28	0.0531540969699549
616.0	5.271	0.0510032678691604
618.0	5.247000000000001	0.0558704409579832
620.0	5.239000000000001	0.0495904212176425
622.0	5.222	0.0468923116180988
624.0	5.21	0.0470919772465295
626.0	5.205	0.046415461451206
628.0	5.199	0.0431460339650539
630.0	5.189	0.0431245683463813
632.0	5.1770000000000005	0.0490776658364128
634.0	5.181	0.0468783558469533
636.0	5.140000000000001	0.0563614875952598
638.0	5.125	0.0493108056672728
640.0	5.109	0.0488401271977393
642.0	5.084	0.0509315687109479
644.0	5.066000000000001	0.0487715764217918
646.0	5.04	0.0533717454265509
648.0	5.034	0.0550958760303849
650.0	5.031	0.0490623186479309
652.0	5.016	0.0435226633171984
654.0	5.004	0.0475809900830566
656.0	4.991	0.0486780808532501
658.0	4.976	0.0532749680640188
660.0	4.965	0.0542752472968646
662.0	4.95	0.0494660377318506
664.0	4.925	0.0498481645216033
666.0	4.924	0.0504823646019325
668.0	4.8870000000000005	0.0479855945461823
670.0	4.883	0.0473406358477484
672.0	4.874	0.0444549987468255
674.0	4.852	0.0467272094048577
676.0	4.83	0.0512779884430485
678.0	4.814	0.0453597417633688
680.0	4.808	0.0447263283139186
682.0	4.803	0.0463680924774786
684.0	4.796	0.0479199435272447
686.0	4.763	0.0467570553202638
688.0	4.757	0.049484004149489
690.0	4.7410000000000005	0.0520213631330652
692.0	4.734999999999999	0.0525451011448353
694.0	4.714	0.0537437909132615
696.0	4.69	0.0590889682837628
698.0	4.69	0.0525923056851851
700.0	4.668	0.0510598777036441
702.0	4.641	0.0568545903550841
704.0	4.6370000000000005	0.0522205673496656
706.0	4.627	0.0516887646888734
708.0	4.616	0.0427146720679971
710.0	4.599	0.0489829902449138
712.0	4.587	0.0523577437761916
714.0	4.584	0.0561455339956288
716.0	4.573	0.0507727933366863
718.0	4.558	0.0557494394590654
720.0	4.5440000000000005	0.0589708025683522
722.0	4.529	0.0579002974469428
724.0	4.502	0.0632884831447667
726.0	4.482	0.0603927475001532
728.0	4.482	0.0575920090478951
730.0	4.455	0.0512315007262784
732.0	4.452	0.0468709813092162
734.0	4.449	0.0486790953180894
736.0	4.443	0.0505019251558239
738.0	4.424	0.0470691637151063
740.0	4.41	0.0457742717103972
742.0	4.407	0.0470321665603234
744.0	4.382	0.051763231146881
746.0	4.378	0.0500557713646843
748.0	4.363	0.0511837647870668
750.0	4.355	0.0443983093883452
752.0	4.34	0.0419867704031744
754.0	4.332	0.04090941513776
756.0	4.307	0.0466081643883806
758.0	4.3020000000000005	0.044179208561673
760.0	4.27	0.0427770562709718
762.0	4.27	0.0332769894174843
764.0	4.258	0.0353965193238956
766.0	4.258	0.0321109188767797
768.0	4.232	0.0403319558993445
770.0	4.23	0.035324247608913
772.0	4.2170000000000005	0.0385486705347927
774.0	4.205	0.0388609423393999
776.0	4.194	0.0383984953408911
778.0	4.19	0.0377977071615019
780.0	4.163	0.0431726365098296
782.0	4.142	0.0340652967761096
784.0	4.12	0.0345414404898105
786.0	4.108	0.0367544403968948
788.0	4.091	0.0371842260463583
790.0	4.093999999999999	0.0321631642691211
792.0	4.078	0.0302401907368732
794.0	4.068	0.0359055688792591
796.0	4.059	0.041464844547319
798.0	4.052	0.046738040656883
800.0	4.04	0.0438223123731322
802.0	4.033	0.0382635435556103
804.0	4.021	0.0392233238749914
806.0	4.018	0.039726223574689
808.0	3.999	0.0417508778646525
810.0	3.997	0.0416226434101014
812.0	3.994	0.0423792402008342
814.0	3.977	0.0408332955404209
816.0	3.938	0.0387378017439117
818.0	3.945	0.03373754914368
820.0	3.933	0.0338329228218117
822.0	3.922	0.0312899621028063
824.0	3.896	0.0330155219761557
826.0	3.888	0.0343169684119626
828.0	3.864	0.0353301885392962
830.0	3.855	0.0356436408886981
832.0	3.844	0.0372482496067324
834.0	3.839	0.0355281144107064
836.0	3.832	0.0343870489545479
838.0	3.827	0.0374017230737955
840.0	3.813	0.0464088114238856
842.0	3.798	0.046070263031618
844.0	3.786	0.0395889372251551
846.0	3.773	0.0345042491568291
848.0	3.771	0.0352451730343633
850.0	3.757	0.035072763869306
852.0	3.755	0.0335857112474932
854.0	3.729	0.0348329346069684
856.0	3.731	0.035268633985595
858.0	3.716	0.0367698883783732
860.0	3.703	0.0377431213584215
862.0	3.707	0.0381400926410341
864.0	3.677000000000001	0.0404807529330259
866.0	3.67	0.0409048881741927
868.0	3.662	0.0403001087521126
870.0	3.655	0.0387808021743228
872.0	3.646	0.040027768139408
874.0	3.644	0.0386315293734068
876.0	3.624	0.0407649086565612
878.0	3.609	0.0412582950881425
880.0	3.611	0.0342608007661205
882.0	3.5970000000000004	0.035135012961467
884.0	3.588	0.0318154399973067
886.0	3.576	0.0305484840301971
888.0	3.573	0.026582273867196
890.0	3.5620000000000003	0.0224152725712726
892.0	3.544	0.027754657044437
894.0	3.548	0.0247790233867277
896.0	3.522	0.0229975844142137
898.0	3.524	0.0252532848370609
900.0	3.503	0.0261326152584641
902.0	3.495	0.0225880991281299
904.0	3.498	0.0254252717673665
906.0	3.491	0.0246431319157546
908.0	3.468	0.0258662275640468
910.0	3.4610000000000003	0.025358661802135
912.0	3.4560000000000004	0.0288589588546232
914.0	3.4399999999999995	0.0267434080951402
916.0	3.426	0.0301641599122183
918.0	3.411	0.0299999999999998
920.0	3.411	0.0257571756752449
922.0	3.387	0.0226225060012761
924.0	3.382	0.0219797886957794
926.0	3.369	0.0269145882697171
928.0	3.366	0.0271038241573143
930.0	3.375	0.0268700576850887
932.0	3.362	0.0248377450717032
934.0	3.353	0.0312603563086412
936.0	3.341	0.0287767052567193
938.0	3.319	0.0257183222385409
940.0	3.302	0.02573847578631
942.0	3.302	0.0276244658068007
944.0	3.2940000000000005	0.0253016370914249
946.0	3.282	0.0249131825880729
948.0	3.278	0.0282528268005561
950.0	3.26	0.0276195493477506
952.0	3.257	0.0297321374946371
954.0	3.252	0.0293476396089581
956.0	3.242	0.0266874918683308
958.0	3.232	0.0304229445576124
960.0	3.216	0.0292528356755671
962.0	3.213	0.0308080476899972
964.0	3.206	0.027458161214545
966.0	3.1979999999999995	0.0261056731926129
968.0	3.182	0.0272863190972424
970.0	3.1740000000000004	0.027050478647553
972.0	3.161	0.0267752419269538
974.0	3.16	0.0255883847106216
976.0	3.152	0.0249211100955607
978.0	3.136	0.0266574057993388
980.0	3.129	0.0230988215187606
982.0	3.133	0.0209608688916122
984.0	3.112	0.0210554822631383
986.0	3.103	0.0245175673979111
988.0	3.099	0.0240970260959038
990.0	3.091	0.0246801764805503
992.0	3.08	0.0258504722119392
994.0	3.067	0.0263345053653852
996.0	3.055	0.0243832567528732
998.0	3.047	0.0205696648273887
1000.0	3.039	0.0186964048831735
1002.0	3.029	0.0194250697124446
1004.0	3.02	0.0227178072320393
1006.0	3.006	0.0227226976315384
1008.0	3.002	0.0226786460718959
1010.0	2.9930000000000003	0.0218377858055456
1012.0	2.99	0.0223015251651396
1014.0	2.982	0.0242110065777152
1016.0	2.975	0.0251930815507889
1018.0	2.9570000000000003	0.0259248677032707
1020.0	2.951	0.0253747225247859
1022.0	2.946	0.0239387077427972
1024.0	2.938	0.0233513158219677
1026.0	2.931	0.0224251842554056
1028.0	2.923	0.0224092132728075
1030.0	2.914	0.0248168600594409
1032.0	2.909	0.0252913882771913
1034.0	2.899	0.0243498168421635
1036.0	2.8960000000000004	0.0237346441585571
1038.0	2.886	0.0236382197320095
1040.0	2.877	0.0241568945759911
1042.0	2.865	0.0230699419639977
1044.0	2.862	0.0242888990545877
1046.0	2.842	0.0245301527728982
1048.0	2.839	0.0250190051217859
1050.0	2.833	0.0211245571215172
1052.0	2.822	0.0192167622303364
1054.0	2.8149999999999995	0.0195946578761648
1056.0	2.808	0.0190016243620133
1058.0	2.801	0.0202161162943007
1060.0	2.8000000000000003	0.0194161699189356
1062.0	2.786	0.0183834332289687
1064.0	2.779	0.0168654808542313
1066.0	2.771	0.0197621661230884
1068.0	2.769	0.0204075754513481
1070.0	2.759	0.0200055547841647
1072.0	2.747	0.0192456504625953
1074.0	2.737	0.019888578520235
1076.0	2.729	0.0191775331515233
1078.0	2.721	0.0193090524410919
1080.0	2.722	0.015959052541573
1082.0	2.7150000000000003	0.0142655589739591
1084.0	2.71	0.0155904370815914
1086.0	2.702	0.0176509363931649
1088.0	2.686	0.0199276469035134
1090.0	2.682	0.0198382346884885
1092.0	2.676	0.0178228595064779
1094.0	2.664	0.0185858036889834
1096.0	2.666	0.018961950204437
1098.0	2.647	0.0193390796058137
1100.0	2.642	0.0192263964639153
1102.0	2.64	0.019607254893137
1104.0	2.633	0.0206182227922563
1106.0	2.632	0.0181964587519417
1108.0	2.6140000000000003	0.019458090449749
1110.0	2.603	0.0186970651952006
1112.0	2.604	0.0191762455934869
1114.0	2.591	0.0171529071070248
1116.0	2.586	0.0156875353523776
1118.0	2.581	0.0172891173935199
1120.0	2.5700000000000003	0.018961950204437
1122.0	2.564	0.018039736660091
1124.0	2.56	0.0194047213295254
1126.0	2.552	0.0211543417018707
1128.0	2.5530000000000004	0.0207834216933582
1130.0	2.542	0.0219494368442056
1132.0	2.542	0.0209961783706662
1134.0	2.529	0.0175435964892544
1136.0	2.522	0.0178076138522574
1138.0	2.522	0.0178498538915761
1140.0	2.514	0.0169363368581533
1142.0	2.505	0.015671000188679
1144.0	2.505	0.0153196396179769
1146.0	2.489	0.0179752916836169
1148.0	2.496	0.0172483672514098
1150.0	2.488	0.0176320415405842
1152.0	2.483	0.0179594880182187
1154.0	2.472	0.0171687341437498
1156.0	2.465	0.0181414197655835
1158.0	2.46	0.0157111268269605
1160.0	2.45	0.0166407205447033
1162.0	2.446	0.0174999118163563
1164.0	2.437	0.0163850277937655
1166.0	2.431	0.015774647576819
1168.0	2.425	0.0162442772449216
1170.0	2.4210000000000003	0.017657929355839
1172.0	2.424	0.0178664455486593
1174.0	2.419	0.0180739222823012
1176.0	2.422	0.0175435964892543
1178.0	2.433	0.0190113676195436
1180.0	2.442	0.0221007792723344
1182.0	2.46	0.0245980025285603
1184.0	2.472	0.0250599281722833
1186.0	2.468	0.0285648493306713
1188.0	2.46	0.0247610805723641
1190.0	2.453	0.0232091935807055
1192.0	2.427	0.0256938288214538
1194.0	2.389	0.0194218916829234
1196.0	2.349	0.0180212494599782
1198.0	2.326	0.016773730196094
1200.0	2.324	0.0161551123277119
1202.0	2.3000000000000003	0.0164053589558148
1204.0	2.296	0.0158745078663875
1206.0	2.2880000000000003	0.0151323380322072
1208.0	2.279	0.0160746714345393
1210.0	2.281	0.0151102940955601
1212.0	2.273	0.0152784848321236
1214.0	2.265	0.0163034496084663
1216.0	2.265	0.0153043203776653
1218.0	2.246	0.0141926776460763
1220.0	2.248	0.0144794447748405
1222.0	2.236	0.0128149218578273
1224.0	2.226	0.0158496017786948
1226.0	2.232	0.0139744034082777
1228.0	2.223	0.0145177626409431
1230.0	2.213	0.0145754740727168
1232.0	2.21	0.0139823521926572
1234.0	2.203	0.0124275679215381
1236.0	2.194	0.0124345198520335
1238.0	2.188	0.0119443152447792
1240.0	2.18	0.013079056861833
1242.0	2.183	0.0108434425766719
1244.0	2.177	0.0123208144672258
1246.0	2.176	0.0124810968178993
1248.0	2.172	0.0125698050899765
1250.0	2.162	0.0135135962626762
1252.0	2.157	0.0139363633069112
1254.0	2.156	0.0152323567236992
1256.0	2.144	0.0154775823549919
1258.0	2.144	0.0135154232884754
1260.0	2.135	0.0115673017223466
1262.0	2.129	0.0117798740272875
1264.0	2.124	0.0113735669291282
1266.0	2.118	0.0121289369324401
1268.0	2.115	0.0129357386079549
1270.0	2.109	0.0132581212009009
1272.0	2.098	0.012838983845026
1274.0	2.098	0.0118602979164381
1276.0	2.092	0.0125442426910259
1278.0	2.083	0.0114287918849989
1280.0	2.083	0.011049831013735
1282.0	2.076	0.0132730116969048
1284.0	2.069	0.0118894080883515
1286.0	2.068	0.0103434836646551
1288.0	2.056	0.0127453695295366
1290.0	2.054	0.0125058011230146
1292.0	2.052	0.0122383731671238
1294.0	2.039	0.0122060499065416
1296.0	2.041	0.0132198877490984
1298.0	2.03	0.0120554275466833
1300.0	2.028	0.0102028802517768
1302.0	2.02	0.0109544511501034
1304.0	2.015	0.0104397152413744
1306.0	2.015	0.0096199381430726
1308.0	2.01	0.0106458129484476
1310.0	1.999	0.0128735540959646
1312.0	1.996	0.0120932590140229
1314.0	1.991	0.0121299547595666
1316.0	1.993	0.0118332029205125
1318.0	1.982	0.0101653004546512
1320.0	1.969	0.0101980390271855
1322.0	1.968	0.0110955446513954
1324.0	1.965	0.010770329614269
1326.0	1.964	0.0110196233495265
1328.0	1.956	0.0113833319776584
1330.0	1.945	0.0127714960404453
1332.0	1.94	0.0135601085250036
1334.0	1.932	0.0137580503930347
1336.0	1.929	0.0130166085738733
1338.0	1.928	0.0125146827347167
1340.0	1.925	0.0122060499065417
1342.0	1.918	0.0128235893744475
1344.0	1.917	0.0119721899973786
1346.0	1.909	0.0122514801322981
1348.0	1.904	0.012594335391382
1350.0	1.907	0.0116566094216918
1352.0	1.896	0.0134366368514053
1354.0	1.887	0.0141891977691951
1356.0	1.885	0.0119422478600394
1358.0	1.88	0.0111055541659718
1360.0	1.88	0.0121574038814132
1362.0	1.876	0.013409044303596
1364.0	1.87	0.0128072124741501
1366.0	1.875	0.0149814700361628
1368.0	1.871	0.0139159735910806
1370.0	1.877	0.0133841623745805
1372.0	1.865	0.0143294568401364
1374.0	1.868	0.014611850424895
1376.0	1.864	0.0125609624542778
1378.0	1.856	0.0138724346977898
1380.0	1.866	0.0148847423745107
1382.0	1.849	0.0145101071628208
1384.0	1.842	0.0152153269054432
1386.0	1.842	0.0152679766541317
1388.0	1.834	0.0163639169448448
1390.0	1.845	0.0176537339106392
1392.0	1.838	0.0170692127730414
1394.0	1.839	0.0157981089663788
1396.0	1.829	0.0173596666065728
1398.0	1.828	0.0192379511755306
1400.0	1.826	0.0191317717778052
1402.0	1.804	0.0191124030571062
1404.0	1.818	0.0196694913225759
1406.0	1.8010000000000002	0.0179471102251058
1408.0	1.785	0.0161137928802517
1410.0	1.779	0.0141106736590111
1412.0	1.764	0.0169407099709837
1414.0	1.75	0.016659998666133
1416.0	1.721	0.0149104321753033
1418.0	1.727	0.0098432153734889
1420.0	1.7100000000000002	0.0121391113633312
1422.0	1.706	0.0150906724522709
1424.0	1.6969999999999998	0.0108263510262327
1426.0	1.706	0.0109138036958298
1428.0	1.682	0.0116566094216919
1430.0	1.672	0.0119814671704076
1432.0	1.664	0.011234866364235
1434.0	1.665	0.0127366487830285
1436.0	1.656	0.0110855260988772
1438.0	1.65	0.0097182531580754
1440.0	1.644	0.0141639430933133
1442.0	1.638	0.014124665406285
1444.0	1.63	0.0107909427041591
1446.0	1.6270000000000002	0.0121655250605964
1448.0	1.6189999999999998	0.0136055544213057
1450.0	1.617	0.0112194716101016
1452.0	1.616	0.0120810023294406
1454.0	1.612	0.012187830400713
1456.0	1.6	0.0144410252363377
1458.0	1.594	0.0130903790889094
1460.0	1.598	0.0118144084453509
1462.0	1.603	0.0145152112635225
1464.0	1.593	0.0122997540876752
1466.0	1.5870000000000002	0.009646850698288
1468.0	1.5779999999999998	0.0085374989832437
1470.0	1.5779999999999998	0.0086166648757072
1472.0	1.58	0.0094568545915347
1474.0	1.57	0.0104041776984174
1476.0	1.573	0.0092014491612281
1478.0	1.563	0.0095968101696396
1480.0	1.5579999999999998	0.0095335664307167
1482.0	1.56	0.0106469725599043
1484.0	1.563	0.0086894287982299
1486.0	1.557	0.0090321784146229
1488.0	1.555	0.0094646841951319
1490.0	1.554	0.0112820189069724
1492.0	1.545	0.0104243305140746
1494.0	1.543	0.0083266639978645
1496.0	1.533	0.0080476973165473
1498.0	1.535	0.0109893326502916
1500.0	1.545	0.0076610285226391
1502.0	1.535	0.0127230712962662
1504.0	1.54	0.0137257080592731
1506.0	1.539	0.0084954599349401
1508.0	1.531	0.0084983658559879
1510.0	1.534	0.0080476973165474
1512.0	1.527	0.0115640994055624
1514.0	1.525	0.0131045181163493
1516.0	1.525	0.010450352938691
1518.0	1.527	0.0117735841590662
1520.0	1.5060000000000002	0.0122474487139159
1522.0	1.513	0.0126822516207824
1524.0	1.519	0.0089938250421546
1526.0	1.517	0.0103279555898864
1528.0	1.509	0.0113995884699383
1530.0	1.51	0.0105841717369865
1532.0	1.507	0.0082327260234857
1534.0	1.5060000000000002	0.0073803208468514
1536.0	1.499	0.0091772665986241
1538.0	1.493	0.0056960024968783
1540.0	1.496	0.0085865240383829
1542.0	1.497	0.0107749137088005
1544.0	1.495	0.0106504506367304
1546.0	1.497	0.0084721766847591
1548.0	1.48	0.0095503861986418
1550.0	1.48	0.0097992189157108
1552.0	1.475	0.0101810766124047
1554.0	1.467	0.0077427783956374
1556.0	1.465	0.0101847137938053
1558.0	1.467	0.0103923048454132
1560.0	1.459	0.010805805481257
1562.0	1.451	0.0070710678118654
1564.0	1.443	0.0098444695259273
1566.0	1.452	0.0066071416654748
1568.0	1.441	0.0073953605743527
1570.0	1.431	0.0049014988889138
1572.0	1.429	0.006896053621859
1574.0	1.4380000000000002	0.010368518353145
1576.0	1.432	0.0066999170807472
1578.0	1.43	0.0070989479310947
1580.0	1.4280000000000002	0.008363648562915
1582.0	1.4169999999999998	0.0072179474528496
1584.0	1.413	0.0078284066461371
1586.0	1.42	0.0084122192136656
1588.0	1.404	0.0088708149583164
1590.0	1.413	0.0087305339024724
1592.0	1.411	0.0073853374923928
1594.0	1.406	0.0074053700902006
1596.0	1.413	0.0050430247635156
1598.0	1.4	0.0073029674334022
