nm	mua[cm-1]	mua_std[cm-1]
450.0	0.1601	0.0056454067421179
452.0	0.1616	0.0060392134227424
454.0	0.1655999999999999	0.0064398834434663
456.0	0.1631	0.0061480098154897
458.0	0.1664	0.00590381755548
460.0	0.1649	0.0054446938718374
462.0	0.1694999999999999	0.0061096361856486
464.0	0.1636999999999999	0.0075356928458282
466.0	0.1655999999999999	0.0062115980727413
468.0	0.1641	0.0061122827159744
470.0	0.1652	0.0054429249580318
472.0	0.1608	0.0057073052602198
474.0	0.1593	0.0041791664358775
476.0	0.1644	0.0058023196723592
478.0	0.1611	0.0058695910219905
480.0	0.1604	0.0076501270868165
482.0	0.1628	0.0062531967133461
484.0	0.1619999999999999	0.0066839405838468
486.0	0.1631	0.0061273521560658
488.0	0.164	0.0066152648015829
490.0	0.1619999999999999	0.0063159410313199
492.0	0.1642	0.0077894515567885
494.0	0.1629	0.0072151760499726
496.0	0.1667	0.0064978628965393
498.0	0.1606	0.0092787690754515
500.0	0.1621	0.0089997530830326
502.0	0.1621999999999999	0.0079835169699748
504.0	0.1606	0.0098223227747492
506.0	0.1627	0.0089066905078412
508.0	0.1643	0.0070906824620608
510.0	0.1631	0.008160201522566
512.0	0.1626	0.0082684137938704
514.0	0.16	0.0085989376317695
516.0	0.1623	0.0077412475467618
518.0	0.1619	0.0071143048383755
520.0	0.1604	0.0073061279877127
522.0	0.1626	0.0087327537268791
524.0	0.1597	0.0081377644274421
526.0	0.1588	0.0076958863470471
528.0	0.1619999999999999	0.0073998665319962
530.0	0.1611999999999999	0.0064641652283002
532.0	0.1632	0.0070941290280531
534.0	0.1604999999999999	0.0069013686243301
536.0	0.1619	0.0071197690349554
538.0	0.1628	0.0066089352161568
540.0	0.1633	0.0071276890095797
542.0	0.1621	0.0070861367001585
544.0	0.1596	0.0070174385957017
546.0	0.1594999999999999	0.0080983918537746
548.0	0.1583999999999999	0.0072466254385688
550.0	0.1589	0.0071655037816223
552.0	0.1585	0.0066744029186877
554.0	0.1596	0.0071000956348975
556.0	0.1597	0.0066200779526199
558.0	0.1613	0.0068164470670052
560.0	0.1588	0.0070643252585101
562.0	0.1606	0.0071298191413004
564.0	0.1597	0.0076411814741561
566.0	0.1582	0.0067438495069833
568.0	0.1598	0.0076341985600533
570.0	0.1621	0.0079356361425946
572.0	0.1621	0.0082092690761986
574.0	0.1613	0.0083362661505816
576.0	0.1603	0.0082559069762201
578.0	0.1594999999999999	0.0082505218690159
580.0	0.1604	0.0077307626634132
582.0	0.1594999999999999	0.0069882617630663
584.0	0.1594	0.0073300160847346
586.0	0.1598	0.0080276528248637
588.0	0.1617	0.008260048127083
590.0	0.1617	0.0076668276955713
592.0	0.1599	0.0070747507917545
594.0	0.1597	0.0078362563498297
596.0	0.1603	0.0070060996352296
598.0	0.1596	0.007283941410331
600.0	0.1597	0.006278259568533
602.0	0.1603	0.0075444035344988
604.0	0.1598	0.0064876711186071
606.0	0.1604	0.0080753396901375
608.0	0.1614	0.0072961853723472
610.0	0.161	0.0071758511346162
612.0	0.1621999999999999	0.0068054625843989
614.0	0.1604	0.007202897222303
616.0	0.161	0.0070101513694229
618.0	0.1597	0.0071285030374936
620.0	0.1591	0.0071482364224063
622.0	0.1604	0.0070616509103924
624.0	0.161	0.0062673955446884
626.0	0.1613	0.0065613345525976
628.0	0.1623	0.0067033988062441
630.0	0.1601	0.00675449553087
632.0	0.1617	0.0071412901279361
634.0	0.1625	0.0079137011989755
636.0	0.1593	0.0072821615296016
638.0	0.1596	0.0080110263518401
640.0	0.1591	0.0072976404101295
642.0	0.1565	0.006917610377387
644.0	0.1611999999999999	0.00748501383424
646.0	0.1558999999999999	0.0070501554137497
648.0	0.1569999999999999	0.0073087128792022
650.0	0.1593	0.0067515887476418
652.0	0.1603	0.0068138747338712
654.0	0.1583999999999999	0.0069205723020321
656.0	0.1594	0.0068832234768383
658.0	0.1588	0.007119578292408
660.0	0.1591	0.0079884793589979
662.0	0.1585	0.0074458207682954
664.0	0.1589	0.0077854723843138
666.0	0.1596	0.0077611568438961
668.0	0.1611999999999999	0.0079188164722379
670.0	0.1575	0.007582549817073
672.0	0.1596	0.008219053443443
674.0	0.158	0.0083110368386461
676.0	0.1583	0.0078247628449843
678.0	0.1556	0.0076307856010301
680.0	0.1565	0.007181216926344
682.0	0.1545	0.0071226468932154
684.0	0.1542	0.0084438596288722
686.0	0.1541	0.0078601825128811
688.0	0.1548	0.0079488332865448
690.0	0.1551	0.0069177888424796
692.0	0.156	0.0077992877167654
694.0	0.1565	0.0083839794316965
696.0	0.1571	0.0094623229471179
698.0	0.1581	0.0091624838941801
700.0	0.1557	0.0093632852734022
702.0	0.1561	0.0087639553616073
704.0	0.1576	0.008449852069711
706.0	0.1563	0.0085325231096835
708.0	0.1589	0.0086876384436965
710.0	0.1554	0.0084627433312938
712.0	0.1554	0.0075731657519278
714.0	0.1573	0.0080373817983743
716.0	0.1569999999999999	0.0072446148582546
718.0	0.1576	0.007803766105676
720.0	0.1572	0.00805965412976
722.0	0.1578	0.0083074263965041
724.0	0.1594	0.0090337638273805
726.0	0.1578999999999999	0.0082718323167568
728.0	0.1604999999999999	0.0083885430392284
730.0	0.1589	0.008340722649806
732.0	0.1599	0.0081997892174053
734.0	0.1614	0.008324410037302
736.0	0.1632	0.008279962426109
738.0	0.1636999999999999	0.0075214918404644
740.0	0.1629999999999999	0.007465476095557
742.0	0.1667	0.0079071150956466
744.0	0.1672999999999999	0.0077242763055476
746.0	0.1665	0.0072358674516451
748.0	0.1619	0.0079919403846069
750.0	0.1574	0.0076406805979572
752.0	0.1576	0.0077447871755821
754.0	0.1569999999999999	0.0078892488180802
756.0	0.1545	0.0081435879495071
758.0	0.1553	0.0078797599762905
760.0	0.1554	0.0081962653344129
762.0	0.1556	0.0087969691750435
764.0	0.1558	0.0082875780911725
766.0	0.1572	0.0090269691945583
768.0	0.1561	0.0089299744929335
770.0	0.156	0.0086035020145043
772.0	0.1565	0.008374962686484
774.0	0.1563	0.007968518303337
776.0	0.1551	0.0087135909168761
778.0	0.1553	0.0079822178916098
780.0	0.1542	0.0077565424395979
782.0	0.1538	0.0083355996918171
784.0	0.1542	0.0080424030559019
786.0	0.1544	0.007599480164158
788.0	0.1558	0.0083019557416191
790.0	0.1551	0.0078774094883352
792.0	0.155	0.0091229597752992
794.0	0.1544	0.0093386624997346
796.0	0.1552	0.0093608852593921
798.0	0.1566	0.0083333333333333
800.0	0.1568	0.0095509291125827
802.0	0.1582	0.0089740091099894
804.0	0.1571	0.0078032756654568
806.0	0.1588	0.0081438456654225
808.0	0.1581	0.0076819814830662
810.0	0.1586	0.0080026538807949
812.0	0.1609	0.007974976295487
814.0	0.1596	0.008119310923751
816.0	0.1566	0.0079901019014191
818.0	0.1571	0.0072038227163357
820.0	0.1556	0.0078372015665709
822.0	0.1558999999999999	0.0088819417296494
824.0	0.1544	0.0087641244025407
826.0	0.1565	0.0088288667952851
828.0	0.1542	0.0083794870051295
830.0	0.1538999999999999	0.0090729281211391
832.0	0.1573	0.0086355852918799
834.0	0.1549	0.0091498364014248
836.0	0.1565	0.0088181770742926
838.0	0.1583	0.0084010581344124
840.0	0.1566	0.0077917968893851
842.0	0.1568	0.0083608877784864
844.0	0.1568	0.0083292137965798
846.0	0.1563	0.0080184509448867
848.0	0.1568999999999999	0.0085050311907456
850.0	0.1567	0.0085145336895579
852.0	0.1596	0.0086406018308911
854.0	0.1604999999999999	0.0091686799135985
856.0	0.1583999999999999	0.0098389751549013
858.0	0.1571	0.0087527491272142
860.0	0.1578999999999999	0.0095485245450621
862.0	0.1585	0.0084742456600084
864.0	0.1571	0.0095073201167557
866.0	0.1538999999999999	0.0091016210738988
868.0	0.1563	0.0090425878520326
870.0	0.1542	0.0092371365345557
872.0	0.1582	0.0090994641003511
874.0	0.1592	0.0090090215415328
876.0	0.1658	0.0089896785808867
878.0	0.1664	0.0094135573365436
880.0	0.1703	0.0093306477617752
882.0	0.1679	0.0093482024415867
884.0	0.1677	0.008897412579918
886.0	0.1654	0.0094698872977506
888.0	0.1688	0.0093047180385962
890.0	0.1716	0.0084954599349401
892.0	0.1757	0.0090883455420311
894.0	0.1791999999999999	0.0101163356465461
896.0	0.1857	0.0088237054448671
898.0	0.1975	0.0096455836500761
900.0	0.2091	0.0097169700098765
902.0	0.2227	0.010348710183841
904.0	0.242	0.0105180738038487
906.0	0.2667	0.0107027976035805
908.0	0.2857	0.0102867768410604
910.0	0.281	0.010297836282383
912.0	0.2377999999999999	0.0101766617534653
914.0	0.2072	0.0090221674875187
916.0	0.1943	0.0093670554815834
918.0	0.1886	0.0099878568246955
920.0	0.1784	0.0088542659035833
922.0	0.1714999999999999	0.0085554401146612
924.0	0.1627	0.0088129254121992
926.0	0.1602	0.0085904914416974
928.0	0.1553	0.0092759079952208
930.0	0.1586	0.0100814583503149
932.0	0.1565	0.0091873100887401
934.0	0.1557	0.0088206827652083
936.0	0.1544	0.008142754106839
938.0	0.1556	0.0086251713169602
940.0	0.1542	0.0086612803775064
942.0	0.1594	0.0097676841841343
944.0	0.1568	0.0086525526098756
946.0	0.1581	0.0089844034956606
948.0	0.1611	0.0101471883839202
950.0	0.1592	0.0093812789672692
952.0	0.1578999999999999	0.0090178560864022
954.0	0.1578999999999999	0.0089885661252312
956.0	0.1575	0.0088697711078794
958.0	0.1582	0.0087500828920235
960.0	0.1564	0.0087204456789493
962.0	0.1578999999999999	0.0098140614665456
964.0	0.1561	0.009249798129262
966.0	0.1575	0.0089907359728407
968.0	0.158	0.0093486514509108
970.0	0.1557	0.0095965786084236
972.0	0.1552	0.0089667010876387
974.0	0.1567	0.0090258886912406
976.0	0.1585	0.0089619910706615
978.0	0.1551	0.0086339696605191
980.0	0.1541	0.0082716979910004
982.0	0.1568999999999999	0.0088703974328822
984.0	0.1563	0.0085807421475341
986.0	0.1583	0.0091425068826206
988.0	0.1617	0.009395743717237
990.0	0.1633	0.0086139135224843
992.0	0.1653	0.0087081060576402
994.0	0.1672999999999999	0.0099286093664025
996.0	0.166	0.0089228102753491
998.0	0.1694999999999999	0.0091643970254188
1000.0	0.1722	0.0091546116018237
1002.0	0.1755	0.0093604895936109
1004.0	0.1811	0.008962610951153
1006.0	0.1801	0.0083374360271112
1008.0	0.1823	0.0082717726166899
1010.0	0.1858999999999999	0.0083782493235994
1012.0	0.1879	0.0085722780296303
1014.0	0.1976	0.0087172880594317
1016.0	0.2029	0.0083596178068463
1018.0	0.2086	0.0087996212039685
1020.0	0.2163999999999999	0.0090647056702845
1022.0	0.2101	0.0095474254819471
1024.0	0.2084	0.0098754465440528
1026.0	0.2054	0.0098896129572619
1028.0	0.1963	0.0093082732349928
1030.0	0.1941999999999999	0.0095868479867466
1032.0	0.183	0.008821956335204
1034.0	0.1791999999999999	0.0085953475787777
1036.0	0.1761	0.0084585846523509
1038.0	0.1682	0.008116117176624
1040.0	0.1694999999999999	0.0077720296219484
1042.0	0.1678	0.0078506899909073
1044.0	0.1657	0.0075794719513781
1046.0	0.1684	0.0082081260549125
1048.0	0.1628	0.008212727250365
1050.0	0.1644	0.0081073354987251
1052.0	0.1672	0.0088025248903053
1054.0	0.1641	0.0088816915305838
1056.0	0.1672	0.008480012811544
1058.0	0.1677	0.0090127070788353
1060.0	0.1663	0.0089378098236897
1062.0	0.1714	0.0085991529872869
1064.0	0.1662	0.0087263330723098
1066.0	0.1699	0.0084677747889598
1068.0	0.1689999999999999	0.008326930873844
1070.0	0.1665	0.008117060223176
1072.0	0.1747	0.0086964161768505
1074.0	0.1733	0.0085959938989689
1076.0	0.1754	0.0087397912227514
1078.0	0.183	0.0090990977710382
1080.0	0.1798	0.0091068689311088
1082.0	0.1865	0.0101860592217567
1084.0	0.1876	0.0103214985992022
1086.0	0.1856	0.0100047766369647
1088.0	0.1926999999999999	0.010425692386043
1090.0	0.1911	0.0097406365295087
1092.0	0.1932	0.0101459108104122
1094.0	0.1976	0.0099564731719967
1096.0	0.1924	0.009779810394789
1098.0	0.2	0.0105124382530738
1100.0	0.1943	0.0109711856050404
1102.0	0.1854	0.0105703755612642
1104.0	0.1871	0.0101049798260041
1106.0	0.178	0.0095234732744874
1108.0	0.1768	0.0090341054747216
1110.0	0.178	0.0094392796335313
1112.0	0.1718	0.0094705521499377
1114.0	0.1774	0.0084100469017056
1116.0	0.1757	0.008633526381368
1118.0	0.175	0.0086617935017331
1120.0	0.1825999999999999	0.0090077470087053
1122.0	0.1795	0.0087523682862002
1124.0	0.1856	0.0088952893623257
1126.0	0.1916999999999999	0.0086869136714832
1128.0	0.1933	0.0090502438409275
1130.0	0.2031	0.0086562472979894
1132.0	0.2057	0.0087790716345996
1134.0	0.2137	0.0088786190673555
1136.0	0.2271	0.008827034791473
1138.0	0.2385999999999999	0.0090671568494944
1140.0	0.2622	0.0095880712925546
1142.0	0.2922	0.0100200662869594
1144.0	0.3273999999999999	0.0093048109154801
1146.0	0.371	0.010982106658864
1148.0	0.3988	0.0105773809449372
1150.0	0.4311999999999999	0.0109329381139046
1152.0	0.4442	0.0101337719203331
1154.0	0.4438	0.0110407326648994
1156.0	0.4503	0.0101707035094207
1158.0	0.4502	0.0101671706007468
1160.0	0.4412	0.0102607245911681
1162.0	0.4329	0.0104114727792036
1164.0	0.4259	0.0101338815641172
1166.0	0.4292	0.0103371080321885
1168.0	0.4512	0.0111891592155361
1170.0	0.4927	0.0106898128498786
1172.0	0.5489	0.011240403314235
1174.0	0.6244000000000001	0.0125790929818851
1176.0	0.7317	0.013574031125191
1178.0	0.8749	0.0144959083200981
1180.0	1.0739999999999998	0.0168464378767679
1182.0	1.301	0.0179491737833854
1184.0	1.515	0.0198145725149602
1186.0	1.634	0.0194707758220136
1188.0	1.631	0.0211245571215172
1190.0	1.524	0.0200443951711639
1192.0	1.3159999999999998	0.0172976841381501
1194.0	1.0	0.0155812565461055
1196.0	0.7289	0.0145888169584416
1198.0	0.5441	0.0126749485595664
1200.0	0.4295	0.0118625252864994
1202.0	0.3686	0.0116016069555306
1204.0	0.3202	0.0108175782872138
1206.0	0.2962	0.0109640602553958
1208.0	0.2903	0.0101135161974727
1210.0	0.2844	0.0101975789913072
1212.0	0.296	0.0099642818898427
1214.0	0.3083	0.0100795723013319
1216.0	0.3091	0.0096630772390784
1218.0	0.3054	0.010016332341743
1220.0	0.281	0.010268554420002
1222.0	0.2608999999999999	0.0103106201990418
1224.0	0.2441	0.0092412254010807
1226.0	0.2147	0.0094622055216177
1228.0	0.2049	0.0094833707608452
1230.0	0.1952999999999999	0.008910099693225
1232.0	0.1832	0.0085102262377262
1234.0	0.186	0.0090744792048638
1236.0	0.1805999999999999	0.0090233989380422
1238.0	0.1797	0.0089666184770837
1240.0	0.1828	0.0093026877836461
1242.0	0.1768	0.0096143539808525
1244.0	0.1815	0.0087758507026701
1246.0	0.1814	0.0088885694387042
1248.0	0.1761	0.0088049789506271
1250.0	0.1849	0.0102161213678415
1252.0	0.1801	0.0095513815172931
1254.0	0.1787	0.0094111570246813
1256.0	0.1849	0.0099387010105837
1258.0	0.1779	0.0094737193342789
1260.0	0.1830999999999999	0.0096442012258118
1262.0	0.1851999999999999	0.0097567070947801
1264.0	0.1808999999999999	0.010364409662606
1266.0	0.1851999999999999	0.0094826677498645
1268.0	0.1835	0.009722266666565
1270.0	0.1830999999999999	0.0091965103419251
1272.0	0.1901	0.0096711611518313
1274.0	0.1849	0.0090267230153063
1276.0	0.19	0.0091661211958918
1278.0	0.1908	0.0096971931792429
1280.0	0.1841999999999999	0.0103966875066586
1282.0	0.191	0.0092152986058543
1284.0	0.1893999999999999	0.0094450980166015
1286.0	0.1868	0.0094200862358769
1288.0	0.1913	0.0095900411307193
1290.0	0.1872	0.0094211477374764
1292.0	0.1876999999999999	0.0092794210121638
1294.0	0.1912	0.0085131416202782
1296.0	0.1844	0.0090447037909854
1298.0	0.189	0.0088820390273827
1300.0	0.1889	0.0088019919182191
1302.0	0.1843	0.0091575105787544
1304.0	0.1868999999999999	0.0090900569746547
1306.0	0.181	0.0088550188043104
1308.0	0.1797	0.0082784116088433
1310.0	0.1819	0.0081749542226981
1312.0	0.1728	0.0085128805819457
1314.0	0.1765999999999999	0.0084522186436461
1316.0	0.1759	0.0086764617013112
1318.0	0.1747999999999999	0.0089745318664664
1320.0	0.1802	0.0099929975482835
1322.0	0.1775	0.0100281209544232
1324.0	0.1783	0.0096802203831662
1326.0	0.1827	0.0093422312083686
1328.0	0.1818	0.0091903465188099
1330.0	0.1872	0.0088944982301101
1332.0	0.1909	0.0084689556544206
1334.0	0.1906	0.0087774683489764
1336.0	0.2017	0.0099463871472987
1338.0	0.204	0.0096776310742803
1340.0	0.209	0.0099555679563414
1342.0	0.2202	0.0093413061185253
1344.0	0.2236	0.0096237874015699
1346.0	0.234	0.0092823608108186
1348.0	0.244	0.0094503380304034
1350.0	0.253	0.0103471950036927
1352.0	0.2711	0.009509579315902
1354.0	0.291	0.009064147253443
1356.0	0.311	0.010562629208794
1358.0	0.3445	0.0108717552275791
1360.0	0.3803999999999999	0.0106286591375266
1362.0	0.4266	0.0106820144213891
1364.0	0.4861	0.0113818677544701
1366.0	0.5591999999999999	0.0113203847598529
1368.0	0.6718000000000001	0.0137108049668684
1370.0	0.7739	0.0148038867101985
1372.0	0.8176	0.0169231888539853
1374.0	0.7913000000000001	0.0134803927114279
1376.0	0.7787	0.0139117678226247
1378.0	0.7928000000000001	0.0142847324177568
1380.0	0.8077	0.0149924260713926
1382.0	0.8079000000000001	0.0148938548932184
1384.0	0.8042	0.0129827901279414
1386.0	0.8168	0.015318624184749
1388.0	0.8598	0.0132550293273585
1390.0	0.9168	0.0134124412485912
1392.0	1.0	0.014792849457144
1394.0	1.084	0.0188384948679263
1396.0	1.162	0.0171917292776368
1398.0	1.209	0.0145839417862486
1400.0	1.215	0.0157746475768189
1402.0	1.225	0.0195700703708746
1404.0	1.237	0.0188502873541315
1406.0	1.235	0.0203894187033796
1408.0	1.168	0.0173148049118609
1410.0	1.067	0.0187735037871049
1412.0	0.9831	0.0170203146595799
1414.0	0.8876000000000001	0.0151591556493097
1416.0	0.7782	0.0137830366307803
1418.0	0.6809	0.0159465387706998
1420.0	0.6133000000000001	0.0149484298692389
1422.0	0.5763	0.0125622401084842
1424.0	0.5598000000000001	0.0145141395512645
1426.0	0.5428000000000001	0.0136539597657218
1428.0	0.5323	0.012893964517853
1430.0	0.504	0.0101533184990528
1432.0	0.4791999999999999	0.0111847228258619
1434.0	0.4543	0.0102721606271814
1436.0	0.4417999999999999	0.0120963518630644
1438.0	0.426	0.0139876930033353
1440.0	0.4037	0.0131835288181414
1442.0	0.3805	0.0093533251498076
1444.0	0.3621	0.0111930644310673
1446.0	0.3432	0.0104969836937411
1448.0	0.3228	0.0111947518568212
1450.0	0.3051	0.0109988888327664
1452.0	0.2938	0.0104253726581704
1454.0	0.2943	0.0114226977851713
1456.0	0.2898	0.0098342937384101
1458.0	0.2942	0.0089942093854399
1460.0	0.2983	0.0095588237305178
1462.0	0.3046	0.0113934787499117
1464.0	0.307	0.0086253860174845
1466.0	0.3104	0.011461540628565
1468.0	0.3122	0.0107729886266818
1470.0	0.2981	0.0112820517353017
1472.0	0.2915	0.0113969239947983
1474.0	0.2904	0.0109338527428564
1476.0	0.2871	0.0094683618722147
1478.0	0.2828	0.0099611467434449
1480.0	0.2875	0.0109954648339022
1482.0	0.2845	0.010194890998394
1484.0	0.2855999999999999	0.0102523709994864
1486.0	0.2947	0.0119008662409066
1488.0	0.2956999999999999	0.0094113406767225
1490.0	0.3011	0.0102191541289438
1492.0	0.3053	0.0110896348001185
1494.0	0.3053	0.0103896315836724
1496.0	0.3062	0.0113502270603273
1498.0	0.316	0.0108563345563776
1500.0	0.3336	0.0124348077767388
1502.0	0.3614	0.012193167485659
1504.0	0.3842	0.0125622106256211
1506.0	0.4008	0.0117336174208032
1508.0	0.4173	0.0138736449677566
1510.0	0.4453	0.0125381294999702
1512.0	0.471	0.0118440900509833
1514.0	0.5007	0.0125078641928454
1516.0	0.5191	0.0141730660927385
1518.0	0.5254000000000001	0.012321165168567
1520.0	0.54	0.0112886373550279
1522.0	0.5362	0.0124525568795933
1524.0	0.5441	0.0151833323169491
1526.0	0.5455	0.011527144560922
1528.0	0.5476000000000001	0.0128569911807631
1530.0	0.5404	0.0136570517216709
1532.0	0.5373	0.015085828522896
1534.0	0.5328999999999999	0.0141855516827231
1536.0	0.5353	0.0134200053356873
1538.0	0.5381	0.0156826868446279
1540.0	0.5356000000000001	0.012621234311887
1542.0	0.5341	0.0120071686406676
1544.0	0.5354	0.0132881735221796
1546.0	0.5321	0.0131474543374584
1548.0	0.5304	0.0124495227733415
1550.0	0.5317000000000001	0.0121532904653761
1552.0	0.528	0.013542197425496
1554.0	0.5243	0.0143873486949171
1556.0	0.5131	0.0133043852419669
1558.0	0.487	0.0114159732149494
1560.0	0.4696	0.0157702564232266
1562.0	0.4578	0.0121184381505983
1564.0	0.4314	0.010450518328453
1566.0	0.4059999999999999	0.013278312402068
1568.0	0.38	0.0129788717194951
1570.0	0.3705	0.011609712834466
1572.0	0.3474	0.0093742884503634
1574.0	0.327	0.0091951678131022
1576.0	0.3119	0.0117142627005409
1578.0	0.2985	0.0096570066675848
1580.0	0.2892	0.0074640041549219
1582.0	0.285	0.010523108023257
1584.0	0.2793	0.0102957500521235
1586.0	0.2715	0.010987579969231
1588.0	0.2683999999999999	0.0084074041442317
1590.0	0.27	0.0091367525365186
1592.0	0.267	0.0097469590066103
1594.0	0.2644	0.0089463559034177
1596.0	0.2646	0.0088729301185622
1598.0	0.2654	0.0103547925326904
