nm	musp[cm-1]
450.0	25.808949249699808
451.0008703220191	25.755678665184423
452.0017406440383	25.70263575610217
453.00261096605743	25.64981904846307
454.0034812880766	25.597227081048562
455.00435161009574	25.544858405272997
456.00522193211486	25.49271158504694
457.00609225413405	25.44078519664221
458.00696257615317	25.389077828558744
459.0078328981723	25.337588081393072
460.0087032201915	25.286314567708626
461.0095735422106	25.23525591190759
462.0104438642298	25.18441075010447
463.0113141862489	25.13377773000127
464.01218450826804	25.083355510764267
465.0130548302872	25.03314276290233
466.01392515230634	24.98313816814684
467.0147954743255	24.9333404193331
468.01566579634465	24.883748220283245
469.0165361183638	24.834360285690657
470.01740644038296	24.785175341005825
471.0182767624021	24.73619212232367
472.0191470844212	24.687409376272207
473.0200174064404	24.638825859902735
474.0208877284595	24.590440340581267
475.0217580504787	24.54225159588142
476.0226283724978	24.49425841347857
477.02349869451695	24.44645959104537
478.0243690165361	24.398853936148537
479.02523933855525	24.35144026614693
480.02610966057443	24.304217408090917
481.02697998259356	24.257184198622888
482.0278503046127	24.210339483879128
483.02872062663187	24.163682119392785
484.029590948651	24.117210969998094
485.0304612706701	24.07092490973572
486.0313315926893	24.024822821759315
487.0322019147084	23.978903598243168
488.0330722367276	23.933166140291
489.03394255874673	23.887609357845854
490.0348128807659	23.842232169601086
491.03568320278504	23.79703350291246
492.03655352480416	23.752012293711203
493.03742384682334	23.70716748641825
494.03829416884247	23.662498033859396
495.0391644908616	23.61800289718154
496.0400348128808	23.573681045769888
497.0409051348999	23.529531457166183
498.041775456919	23.48555311698787
499.0426457789382	23.441745018848263
500.04351610095733	23.39810616427762
501.0443864229765	23.354635562645168
502.04525674499564	23.31133223108208
503.0461270670148	23.26819519440531
504.04699738903395	23.22522348504235
505.0478677110531	23.18241614295688
506.04873803307225	23.139772215575277
507.0496083550914	23.097290757713996
508.0504786771105	23.054970831507774
509.0513489991297	23.012811506338693
510.0522193211488	22.970811858766076
511.053089643168	22.928970972457172
512.0539599651871	22.887287938118657
513.0548302872063	22.845761853428947
514.0557006092254	22.804391822971244
515.0565709312446	22.763176958167403
516.0574412532637	22.722116377212537
517.0583115752829	22.68120920501037
518.059181897302	22.64045457310935
519.0600522193212	22.599851619639445
520.0609225413402	22.55939948924974
521.0617928633594	22.519097333046663
522.0626631853786	22.47894430853296
523.0635335073978	22.438939579547366
524.0644038294168	22.399082316204925
525.065274151436	22.359371694837996
526.0661444734552	22.31980689793798
527.0670147954743	22.280387114097607
528.0678851174935	22.241111537953937
529.0687554395126	22.201979370131994
530.0696257615318	22.16298981718901
531.0704960835509	22.124142091559325
532.0713664055701	22.08543541149984
533.0722367275891	22.046869001036164
534.0731070496083	22.00844208990927
535.0739773716275	21.970153913522825
536.0748476936467	21.932003712891053
537.0757180156658	21.89399073458716
538.0765883376849	21.856114230692395
539.0774586597041	21.81837345874558
540.0783289817232	21.780767681693316
541.0791993037424	21.743296167840583
542.0800696257616	21.705958190802022
543.0809399477807	21.668753029453676
544.0818102697998	21.63167996788524
545.082680591819	21.594738295352904
546.083550913838	21.557927306232653
547.0844212358572	21.521246299974063
548.0852915578764	21.484694581054665
549.0861618798956	21.448271458934734
550.0870322019147	21.41197624801257
551.0879025239338	21.375808267580332
552.088772845953	21.339766841780254
553.0896431679721	21.303851299561394
554.0905134899913	21.26806097463681
555.0913838120105	21.232395205441236
556.0922541340296	21.196853335089155
557.0931244560487	21.16143471133336
558.0939947780679	21.12613868652394
559.0948651000871	21.090964617567703
560.0957354221061	21.055911865888042
561.0966057441253	21.020979797385184
562.0974760661445	20.986167782396933
563.0983463881636	20.951475195659736
564.0992167101828	20.916901416270235
565.1000870322019	20.882445827647185
566.100957354221	20.84810781749377
567.1018276762402	20.813886777760334
568.1026979982594	20.779782104607495
569.1035683202786	20.745793198369608
570.1044386422976	20.711919463518676
571.1053089643168	20.678160308628577
572.106179286336	20.644515146339685
573.107049608355	20.610983393323885
574.1079199303742	20.577564470249857
575.1087902523934	20.544257801748863
576.1096605744125	20.51106281638074
577.1105308964317	20.477978946600338
578.1114012184509	20.44500562872428
579.1122715404699	20.412142302898044
580.1131418624891	20.379388413063385
581.1140121845083	20.34674340692612
582.1148825065275	20.314206735924202
583.1157528285465	20.281777855196154
584.1166231505657	20.249456223549785
585.1174934725848	20.217241303431265
586.118363794604	20.18513256089448
587.1192341166231	20.153129465570718
588.1201044386423	20.121231490638653
589.1209747606615	20.089438112794628
590.1218450826806	20.057748812223238
591.1227154046998	20.026163072568217
592.1235857267188	19.994680380903606
593.124456048738	19.96330022770522
594.1253263707572	19.932022106822373
595.1261966927764	19.900845515449948
596.1270670147954	19.86976995410066
597.1279373368146	19.838794926577673
598.1288076588337	19.80791993994741
599.1296779808529	19.777144504512727
600.1305483028721	19.746468133786262
601.1314186248912	19.71589034446411
602.1322889469104	19.685410656399732
603.1331592689295	19.655028592578102
604.1340295909487	19.624743679090148
605.1348999129677	19.59455544510742
606.1357702349869	19.564463422857013
607.1366405570061	19.53446714759673
608.1375108790253	19.50456615759048
609.1383812010444	19.474759994083954
610.1392515230635	19.44504820128047
611.1401218450827	19.415430326317132
612.1409921671018	19.38590591924115
613.141862489121	19.356474532986436
614.1427328111401	19.3271357233504
615.1436031331593	19.29788904897099
616.1444734551784	19.26873407130394
617.1453437771976	19.239670354600214
618.1462140992166	19.21069746588374
619.1470844212358	19.18181497492928
620.147954743255	19.15302245424053
621.1488250652742	19.124319479028472
622.1496953872933	19.095705627189886
623.1505657093124	19.067180479286062
624.1514360313316	19.03874361852177
625.1523063533507	19.01039463072438
626.1531766753699	18.982133104323186
627.1540469973891	18.953958630328923
628.1549173194082	18.925870802313536
629.1557876414273	18.89786921639004
630.1566579634465	18.869953471192634
631.1575282854656	18.842123167857014
632.1583986074847	18.81437791000083
633.1592689295039	18.78671730370433
634.1601392515231	18.759140957491216
635.1610095735422	18.731648482309662
636.1618798955614	18.704239491513494
637.1627502175805	18.67691360084357
638.1636205395996	18.649670428409312
639.1644908616188	18.62250959467044
640.165361183638	18.59543072241883
641.1662315056572	18.56843343676058
642.1671018276762	18.541517365098226
643.1679721496954	18.514682137113127
644.1688424717145	18.487927384747998
645.1697127937337	18.461252742189608
646.1705831157528	18.434657845851675
647.171453437772	18.408142334357848
648.1723237597911	18.381705848524913
649.1731940818103	18.355348031346093
650.1740644038294	18.329068527974556
651.1749347258485	18.30286698570704
652.1758050478677	18.27674305396763
653.1766753698869	18.250696384291665
654.1775456919061	18.224726630309867
655.1784160139251	18.198833447732518
656.1792863359443	18.17301649433381
657.1801566579634	18.147275429936407
658.1810269799826	18.121609916396004
659.1818973020017	18.09601961758619
660.1827676240209	18.0705041993833
661.18363794604	18.045063329651526
662.1845082680592	18.019696678228037
663.1853785900784	17.994403916908364
664.1862489120974	17.96918471943181
665.1871192341166	17.94403876146704
666.1879895561358	17.918965720597804
667.188859878155	17.89396527630874
668.189730200174	17.869037109971384
669.1906005221932	17.844180904830203
670.1914708442123	17.819396345988856
671.1923411662315	17.794683120396467
672.1932114882507	17.77004091683415
673.1940818102698	17.74546942590151
674.1949521322889	17.72096834000339
675.1958224543081	17.696537353336627
676.1966927763273	17.67217616187702
677.1975630983463	17.64788446336633
678.1984334203655	17.623661957299472
679.1993037423847	17.59950834491173
680.2001740644039	17.575423329166167
681.201044386423	17.551406614741104
682.2019147084421	17.527457908017688
683.2027850304612	17.503576917067633
684.2036553524804	17.479763351640987
685.2045256744996	17.456016923154085
686.2053959965187	17.432337344677528
687.2062663185378	17.40872433092434
688.207136640557	17.38517759823815
689.2080069625762	17.361696864581567
690.2088772845952	17.338281849524577
691.2097476066144	17.314932274233044
692.2106179286336	17.291647861457395
693.2114882506528	17.26842833552129
694.2123585726719	17.245273422310454
695.213228894691	17.22218284926159
696.2140992167101	17.1991563453514
697.2149695387293	17.176193641085653
698.2158398607485	17.153294468488415
699.2167101827677	17.13045856109131
700.2175805047867	17.107685653922903
701.2184508268059	17.08497548349817
702.2193211488251	17.06232778780804
703.2201914708442	17.039742306309066
704.2210617928633	17.01721877991311
705.2219321148825	16.994756950977216
706.2228024369017	16.972356563293452
707.2236727589208	16.950017362078963
708.22454308094	16.927739093965968
709.225413402959	16.905521506991985
710.2262837249782	16.883364350590018
711.2271540469974	16.8612673755789
712.2280243690166	16.839230334153683
713.2288946910357	16.817252979876116
714.2297650130548	16.795335067665214
715.2306353350739	16.77347635378786
716.2315056570931	16.751676595849567
717.2323759791122	16.729935552785232
718.2332463011314	16.70825298485002
719.2341166231506	16.6866286536103
720.2349869451697	16.665062321934666
721.2358572671889	16.64355375398501
722.2367275892079	16.622102715207713
723.2375979112271	16.600708972324867
724.2384682332463	16.579372293325576
725.2393385552655	16.55809244745735
726.2402088772847	16.536869205217542
727.2410791993037	16.51570233834489
728.2419495213229	16.494591619811057
729.242819843342	16.47353682381235
730.2436901653612	16.452537725761392
731.2445604873803	16.431594102278957
732.2454308093995	16.410705731185793
733.2463011314186	16.38987239149457
734.2471714534378	16.369093863401858
735.2480417754568	16.348369928280178
736.248912097476	16.327700368670136
737.2497824194952	16.3070849682726
738.2506527415144	16.286523511940928
739.2515230635336	16.266015785673297
740.2523933855526	16.24556157660506
741.2532637075718	16.225160673001167
742.2541340295909	16.204812864248694
743.2550043516101	16.184517940849332
744.2558746736293	16.164275694412055
745.2567449956484	16.144085917645757
746.2576153176675	16.12394840435199
747.2584856396867	16.103862949417728
748.2593559617058	16.08382934880825
749.2602262837249	16.063847399559993
750.2610966057441	16.04391689977354
751.2619669277633	16.024037648606615
752.2628372497825	16.004209446267154
753.2637075718015	15.98443209400642
754.2645778938207	15.96470539411218
755.2654482158398	15.94502914990194
756.266318537859	15.92540316571621
757.2671888598782	15.90582724691185
758.2680591818973	15.886301199855467
759.2689295039164	15.86682483191682
760.2697998259356	15.84739795146234
761.2706701479547	15.828020367848653
762.2715404699738	15.80869189141618
763.272410791993	15.78941233348276
764.2732811140122	15.770181506337368
765.2741514360314	15.75099922323382
766.2750217580505	15.731865298384589
767.2758920800696	15.71277954695462
768.2767624020887	15.693741785055213
769.2776327241079	15.674751829737973
770.2785030461271	15.65580949898876
771.2793733681463	15.636914611721732
772.2802436901654	15.61806698777339
773.2811140121845	15.599266447896738
774.2819843342036	15.580512813755377
775.2828546562228	15.561805907917762
776.2837249782419	15.54314555385143
777.2845953002611	15.524531575917294
778.2854656222803	15.505963799363983
779.2863359442994	15.487442050322208
780.2872062663185	15.4689661557992
781.2880765883376	15.450535943673163
782.2889469103568	15.43215124268779
783.289817232376	15.413811882446794
784.2906875543952	15.395517693408516
785.2915578764143	15.377268506880545
786.2924281984334	15.359064155014398
787.2932985204525	15.340904470800199
788.2941688424717	15.322789288061472
789.2950391644908	15.304718441449909
790.29590948651	15.286691766440196
791.2967798085292	15.268709099324896
792.2976501305483	15.250770277209337
793.2985204525675	15.232875138006566
794.2993907745865	15.215023520432334
795.3002610966057	15.197215264000109
796.3011314186249	15.179450209016133
797.3020017406441	15.161728196574524
798.3028720626633	15.144049068552398
799.3037423846823	15.12641266760504
800.3046127067014	15.108818837161094
801.3054830287206	15.091267421417813
802.3063533507398	15.073758265336332
803.3072236727589	15.056291214636971
804.3080939947781	15.038866115794578
805.3089643167972	15.02148281603391
806.3098346388164	15.004141163325027
807.3107049608354	14.986841006378762
808.3115752828546	14.969582194642184
809.3124456048738	14.952364578294102
810.313315926893	14.935188008240633
811.3141862489122	14.918052336110748
812.3150565709312	14.90095741425191
813.3159268929503	14.88390309572569
814.3167972149695	14.866889234303457
815.3176675369887	14.849915684462077
816.3185378590078	14.832982301379642
817.319408181027	14.816088940931246
818.3202785030461	14.799235459684784
819.3211488250653	14.782421714896756
820.3220191470843	14.76564756450816
821.3228894691035	14.74891286714035
822.3237597911227	14.732217482090972
823.3246301131419	14.7155612693299
824.3255004351611	14.698944089495221
825.3263707571801	14.682365803889228
826.3272410791992	14.66582627447447
827.3281114012184	14.649325363869783
828.3289817232376	14.632862935346433
829.3298520452568	14.616438852824178
830.3307223672759	14.60005298086745
831.331592689295	14.583705184681511
832.3324630113142	14.567395330108665
833.3333333333333	14.551123283624483
834.3342036553524	14.534888912334049
835.3350739773716	14.518692083968253
836.3359442993908	14.50253266688009
837.33681462141	14.486410530041002
838.337684943429	14.470325543037234
839.3385552654481	14.454277576066207
840.3394255874673	14.438266499932956
841.3402959094865	14.422292186046542
842.3411662315057	14.406354506416527
843.3420365535248	14.390453333649459
844.3429068755439	14.374588540945368
845.3437771975631	14.358760002094334
846.3446475195822	14.34296759147301
847.3455178416013	14.327211184041227
848.3463881636205	14.311490655338606
849.3472584856397	14.295805881481167
850.3481288076589	14.280156739158011
851.348999129678	14.264543105627984
852.349869451697	14.248964858716375
853.3507397737162	14.233421876811652
854.3516100957354	14.217914038862201
855.3524804177546	14.202441224373096
856.3533507397738	14.187003313402894
857.3542210617928	14.17160018656046
858.355091383812	14.156231725001772
859.3559617058311	14.140897810426823
860.3568320278503	14.125598325076455
861.3577023498694	14.1103331517293
862.3585726718886	14.095102173698672
863.3594429939078	14.079905274829542
864.3603133159269	14.064742339495478
865.3611836379459	14.04961325259563
866.3620539599651	14.034517899551755
867.3629242819843	14.019456166305229
868.3637946040035	14.004427939314105
869.3646649260227	13.989433105550175
870.3655352480417	13.974471552496054
871.3664055700609	13.959543168142279
872.36727589208	13.94464784098447
873.3681462140992	13.929785460020433
874.3690165361184	13.914955914747361
875.3698868581375	13.900159095158994
876.3707571801567	13.885394891742843
877.3716275021758	13.870663195477396
878.372497824195	13.855963897829369
879.373368146214	13.84129689075097
880.3742384682332	13.826662066677157
881.3751087902524	13.812059318522973
882.3759791122716	13.797488539680822
883.3768494342906	13.782949624017833
884.3777197563098	13.76844246587318
885.3785900783289	13.753966960055482
886.3794604003481	13.739523001840174
887.3803307223673	13.725110486966916
888.3812010443864	13.710729311637005
889.3820713664056	13.696379372510822
890.3829416884247	13.682060566705301
891.3838120104439	13.66777279179136
892.384682332463	13.65351594579145
893.3855526544821	13.639289927176998
894.3864229765013	13.625094634865981
895.3872932985205	13.61092996822044
896.3881636205396	13.596795827044042
897.3890339425587	13.582692111579636
898.3899042645778	13.568618722506884
899.390774586597	13.554575560939805
900.3916449086162	13.54056252842444
901.3925152306354	13.52657952693647
902.3933855526545	13.512626458878868
903.3942558746736	13.498703227079565
904.3951261966928	13.484809734789126
905.3959965187119	13.470945885678471
906.396866840731	13.457111583836543
907.3977371627502	13.443306733768079
908.3986074847694	13.429531240391324
909.3994778067886	13.415785009035792
910.4003481288077	13.402067945440052
911.4012184508267	13.388379955749492
912.4020887728459	13.374720946514124
913.4029590948651	13.361090824686421
914.4038294168843	13.347489497619112
915.4046997389034	13.333916873063032
916.4055700609225	13.320372859165012
917.4064403829417	13.306857364465696
918.4073107049608	13.293370297897466
919.40818102698	13.279911568782316
920.4090513489991	13.266481086829787
921.4099216710183	13.253078762134855
922.4107919930375	13.239704505175915
923.4116623150566	13.22635822681269
924.4125326370756	13.213039838284221
925.4134029590948	13.19974925120684
926.414273281114	13.186486377572148
927.4151436031332	13.17325112974504
928.4160139251524	13.160043420461694
929.4168842471714	13.14686316282763
930.4177545691906	13.133710270315724
931.4186248912097	13.120584656764281
932.4194952132289	13.107486236375085
933.420365535248	13.094414923711497
934.4212358572672	13.081370633696524
935.4221061792864	13.06835328161094
936.4229765013055	13.055362783091391
937.4238468233245	13.042399054128524
938.4247171453437	13.029462011065123
939.4255874673629	13.016551570594265
940.4264577893821	13.003667649757482
941.4273281114013	12.990810165942914
942.4281984334203	12.977979036883546
943.4290687554395	12.965174180655334
944.4299390774586	12.952395515675466
945.4308093994778	12.939642960700564
946.431679721497	12.926916434824912
947.4325500435161	12.9142158574787
948.4334203655353	12.901541148426277
949.4342906875544	12.888892227764414
950.4351610095734	12.876269015920572
951.4360313315926	12.863671433651199
952.4369016536118	12.851099402040012
953.437771975631	12.83855284249632
954.4386422976502	12.826031676753319
955.4395126196692	12.813535826866445
956.4403829416884	12.801065215211684
957.4412532637075	12.788619764483942
958.4421235857267	12.776199397695391
959.4429939077459	12.763804038173838
960.443864229765	12.751433609561118
961.4447345517842	12.739088035811456
962.4456048738033	12.726767241189894
963.4464751958225	12.71447115027067
964.4473455178415	12.702199687935662
965.4482158398607	12.689952779372803
966.4490861618799	12.677730350074514
967.449956483899	12.665532325836164
968.4508268059182	12.653358632754516
969.4516971279373	12.641209197226198
970.4525674499565	12.62908394594618
971.4534377719756	12.616982805906241
972.4543080939948	12.604905704393493
973.455178416014	12.592852568988862
974.456048738033	12.580823327565605
975.4569190600522	12.56881790828784
976.4577893820714	12.556836239609051
977.4586597040905	12.544878250270665
978.4595300261096	12.532943869300563
979.4604003481288	12.52103302601167
980.4612706701479	12.50914565000049
981.4621409921671	12.4972816711457
982.4630113141862	12.485441019606728
983.4638816362054	12.47362362582234
984.4647519582245	12.46182942050925
985.4656222802437	12.45005833466071
986.4664926022629	12.438310299545146
987.4673629242819	12.426585246704775
988.4682332463011	12.414883107954237
989.4691035683203	12.403203815379241
990.4699738903394	12.391547301335201
991.4708442123585	12.379913498445916
992.4717145343777	12.368302339602216
993.4725848563968	12.356713757960653
994.473455178416	12.345147686942159
995.4743255004352	12.333604060230757
996.4751958224543	12.322082811772248
997.4760661444734	12.310583875772927
998.4769364664926	12.299107186698274
999.4778067885118	12.287652679271698
1000.4786771105308	12.276220288473247
1001.47954743255	12.264809949538357
1002.4804177545692	12.253421597956583
1003.4812880765883	12.24205516947036
1004.4821583986075	12.230710600073758
1005.4830287206266	12.219387826011234
1006.4838990426458	12.208086783776427
1007.4847693646649	12.196807410110925
1008.4856396866841	12.185549642003044
1009.4865100087032	12.17431341668664
1010.4873803307223	12.163098671639895
1011.4882506527415	12.151905344584138
1012.4891209747607	12.140733373482641
1013.4899912967797	12.129582696539464
1014.4908616187989	12.11845325219827
1015.4917319408181	12.107344979141162
1016.4926022628372	12.096257816287526
1017.4934725848564	12.08519170279288
1018.4943429068755	12.074146578047735
1019.4952132288947	12.063122381676452
1020.4960835509138	12.052119053536119
1021.496953872933	12.041136533715404
1022.4978241949522	12.030174762533479
1023.4986945169712	12.01923368053886
1024.4995648389904	12.00831322850834
1025.5004351610096	11.997413347445878
1026.5013054830288	11.986533978581495
1027.502175805048	11.975675063370208
1028.5030461270671	11.964836543490941
1029.503916449086	11.954018360845456
1030.5047867711053	11.943220457557267
1031.5056570931245	11.932442775970612
1032.5065274151436	11.921685258649374
1033.5073977371626	11.910947848376043
1034.5082680591818	11.900230488150664
1035.509138381201	11.889533121189803
1036.5100087032201	11.878855690925533
1037.5108790252393	11.868198141004381
1038.5117493472585	11.857560415286331
1039.5126196692777	11.846942457843799
1040.5134899912969	11.836344212960629
1041.514360313316	11.825765625131096
1042.515230635335	11.815206639058905
1043.5161009573542	11.804667199656194
1044.5169712793734	11.794147252042562
1045.5178416013925	11.783646741544088
1046.5187119234115	11.773165613692354
1047.5195822454307	11.762703814223467
1048.5204525674499	11.752261289077115
1049.521322889469	11.7418379843956
1050.5221932114882	11.731433846522888
1051.5230635335074	11.72104882200366
1052.5239338555266	11.71068285758237
1053.5248041775458	11.700335900202322
1054.525674499565	11.690007897004724
1055.526544821584	11.679698795327774
1056.527415143603	11.669408542705721
1057.5282854656223	11.659137086867975
1058.5291557876415	11.64888437573819
1059.5300261096604	11.638650357433352
1060.5308964316796	11.628434980262876
1061.5317667536988	11.618238192727725
1062.532637075718	11.608059943519516
1063.5335073977371	11.597900181519627
1064.5343777197563	11.587758855798334
1065.5352480417755	11.577635915613913
1066.5361183637947	11.567531310411793
1067.5369886858139	11.55744498982368
1068.5378590078328	11.547376903666697
1069.538729329852	11.537327001942522
1070.5395996518712	11.52729523483656
1071.5404699738904	11.517281552717069
1072.5413402959093	11.507285906134337
1073.5422106179285	11.497308245819845
1074.5430809399477	11.487348522685412
1075.5439512619669	11.477406687822405
1076.544821583986	11.46748269250089
1077.5456919060052	11.457576488168819
1078.5465622280244	11.447688026451214
1079.5474325500436	11.437817259149364
1080.5483028720628	11.427964138240021
1081.549173194082	11.41812861587459
1082.550043516101	11.408310644378345
1083.55091383812	11.39851017624962
1084.5517841601393	11.388727164159038
1085.5526544821582	11.378961560948722
1086.5535248041774	11.369213319631523
1087.5543951261966	11.359482393390225
1088.5552654482158	11.349768735576799
1089.556135770235	11.340072299711615
1090.5570060922541	11.330393039482711
1091.5578764142733	11.320730908744993
1092.5587467362925	11.311085861519517
1093.5596170583117	11.30145785199272
1094.5604873803309	11.291846834515683
1095.5613577023498	11.282252763603388
1096.562228024369	11.272675593933972
1097.5630983463882	11.263115280348007
1098.5639686684071	11.253571777847766
1099.5648389904263	11.244045041596488
1100.5657093124455	11.234535026917666
1101.5665796344647	11.225041689294331
1102.5674499564839	11.21556498436833
1103.568320278503	11.206104867939622
1104.5691906005222	11.19666129596557
1105.5700609225414	11.187234224560227
1106.5709312445606	11.177823609993665
1107.5718015665798	11.168429408691251
1108.5726718885987	11.159051577232978
1109.573542210618	11.14969007235275
1110.574412532637	11.14034485093773
1111.575282854656	11.131015870027646
1112.5761531766752	11.121703086814101
1113.5770234986944	11.112406458639922
1114.5778938207136	11.103125942998478
1115.5787641427328	11.093861497533014
1116.579634464752	11.084613080035998
1117.5805047867711	11.075380648448453
1118.5813751087903	11.066164160859298
1119.5822454308095	11.056963575504716
1120.5831157528287	11.047778850767475
1121.5839860748476	11.038609945176319
1122.5848563968668	11.029456817405288
1123.585726718886	11.020319426273112
1124.586597040905	11.011197730742566
1125.5874673629241	11.002091689919824
1126.5883376849433	10.99300126305385
1127.5892080069625	10.983926409535771
1128.5900783289817	10.97486708889824
1129.5909486510009	10.965823260814833
1130.59181897302	10.956794885099436
1131.5926892950392	10.947781921705612
1132.5935596170584	10.938784330726019
1133.5944299390776	10.92980207239179
1134.5953002610966	10.920835107071932
1135.5961705831157	10.911883395272724
1136.597040905135	10.90294689763713
1137.5979112271539	10.894025574944202
1138.598781549173	10.885119388108484
1139.5996518711922	10.876228298179436
1140.6005221932114	10.867352266340841
1141.6013925152306	10.858491253910232
1142.6022628372498	10.849645222338312
1143.603133159269	10.840814133208376
1144.6040034812881	10.831997948235735
1145.6048738033073	10.823196629267166
1146.6057441253265	10.81441013828033
1147.6066144473455	10.805638437383212
1148.6074847693646	10.796881488813561
1149.6083550913838	10.788139254938335
1150.6092254134028	10.779411698253153
1151.610095735422	10.770698781381729
1152.6109660574411	10.762000467075334
1153.6118363794603	10.753316718212252
1154.6127067014795	10.74464749779723
1155.6135770234987	10.735992768960944
1156.6144473455179	10.727352494959458
1157.615317667537	10.718726639173685
1158.6161879895562	10.71011516510887
1159.6170583115754	10.70151803639405
1160.6179286335944	10.692935216781528
1161.6187989556136	10.684366670146346
1162.6196692776327	10.675812360485777
1163.6205395996517	10.667272251918796
1164.6214099216709	10.658746308685563
1165.62228024369	10.650234495146924
1166.6231505657092	10.64173677578388
1167.6240208877284	10.633253115197093
1168.6248912097476	10.624783478106382
1169.6257615317668	10.61632782935021
1170.626631853786	10.607886133885195
1171.6275021758051	10.599458356785602
1172.6283724978243	10.59104446324286
1173.6292428198433	10.582644418565051
1174.6301131418625	10.574258188176445
1175.6309834638816	10.56588573761699
1176.6318537859006	10.557527032541834
1177.6327241079198	10.549182038720854
1178.633594429939	10.540850722038156
1179.6344647519581	10.532533048491608
1180.6353350739773	10.52422898419237
1181.6362053959965	10.515938495364406
1182.6370757180157	10.507661548344027
1183.6379460400349	10.499398109579417
1184.638816362054	10.491148145630163
1185.6396866840732	10.482911623166801
1186.6405570060922	10.474688508970345
1187.6414273281114	10.466478769931834
1188.6422976501306	10.45828237305187
1189.6431679721495	10.450099285440176
1190.6440382941687	10.44192947431512
1191.6449086161879	10.433772907003297
1192.645778938207	10.425629550939052
1193.6466492602262	10.41749937366405
1194.6475195822454	10.409382342826833
1195.6483899042646	10.401278426182369
1196.6492602262838	10.393187591591623
1197.650130548303	10.385109807021118
1198.6510008703222	10.377045040542495
1199.651871192341	10.368993260332088
1200.6527415143603	10.360954434670493
1201.6536118363795	10.35292853194213
1202.6544821583984	10.344915520634832
1203.6553524804176	10.336915369339406
1204.6562228024368	10.328928046749224
1205.657093124456	10.320953521659803
1206.6579634464752	10.312991762968368
1207.6588337684943	10.30504273967346
1208.6597040905135	10.297106420874515
1209.6605744125327	10.289182775771446
1210.6614447345519	10.281271773664237
1211.662315056571	10.273373383952537
1212.66318537859	10.26548757613526
1213.6640557006092	10.25761431981017
1214.6649260226284	10.249753584673481
1215.6657963446473	10.241905340519466
1216.6666666666665	10.234069557240053
1217.6675369886857	10.226246204824434
1218.6684073107049	10.218435253358663
1219.669277632724	10.210636673025272
1220.6701479547432	10.202850434102874
1221.6710182767624	10.195076506965783
1222.6718885987816	10.187314862083626
1223.6727589208008	10.179565470020947
1224.67362924282	10.171828301436841
1225.674499564839	10.164103327084566
1226.675369886858	10.156390517811161
1227.6762402088773	10.148689844557076
1228.6771105308962	10.141001278355793
1229.6779808529154	10.133324790333447
1230.6788511749346	10.125660351708467
1231.6797214969538	10.1180079337912
1232.680591818973	10.11036750798354
1233.6814621409922	10.102739045778563
1234.6823324630113	10.09512251876017
1235.6832027850305	10.087517898602716
1236.6840731070497	10.079925157070646
1237.6849434290689	10.072344266018149
1238.6858137510878	10.064775197388792
1239.686684073107	10.05721792321516
1240.6875543951262	10.049672415618515
1241.6884247171452	10.042138646808427
1242.6892950391643	10.034616589082436
1243.6901653611835	10.027106214825702
1244.6910356832027	10.019607496510655
1245.6919060052219	10.01212040669664
1246.692776327241	10.00464491802959
1247.6936466492602	9.997181003241675
1248.6945169712794	9.989728635150962
1249.6953872932986	9.982287786661074
1250.6962576153178	9.97485843076085
1251.6971279373367	9.967440540524022
1252.697998259356	9.960034089108866
1253.698868581375	9.952639049757877
1254.699738903394	9.945255395797432
1255.7006092254132	9.937883100637467
1256.7014795474324	9.930522137771149
1257.7023498694516	9.923172480774545
1258.7032201914708	9.915834103306292
1259.70409051349	9.908506979107287
1260.7049608355092	9.901191082000357
1261.7058311575283	9.89388638588994
1262.7067014795475	9.886592864761768
1263.7075718015667	9.879310492682535
1264.7084421235857	9.87203924379961
1265.7093124456048	9.864779092340697
1266.710182767624	9.85753001261353
1267.711053089643	9.85029197900557
1268.7119234116622	9.843064965983675
1269.7127937336813	9.835848948093817
1270.7136640557005	9.828643899960756
1271.7145343777197	9.821449796287736
1272.7154046997389	9.814266611856192
1273.716275021758	9.807094321525433
1274.7171453437772	9.799932900232355
1275.7180156657964	9.792782322991126
1276.7188859878156	9.785642564892896
1277.7197563098346	9.778513601105503
1278.7206266318537	9.771395406873165
1279.721496953873	9.764287957516197
1280.7223672758919	9.757191228430715
1281.723237597911	9.75010519508834
1282.7241079199302	9.743029833035907
1283.7249782419494	9.73596511789519
1284.7258485639686	9.728911025362596
1285.7267188859878	9.721867531208881
1286.727589208007	9.71483461127888
1287.7284595300262	9.707812241491206
1288.7293298520453	9.70080039783798
1289.7302001740645	9.69379905638454
1290.7310704960835	9.686808193269167
1291.7319408181027	9.679827784702802
1292.7328111401218	9.672857806968775
1293.733681462141	9.665898236422523
1294.73455178416	9.65894904949132
1295.7354221061792	9.652010222673995
1296.7362924281983	9.645081732540675
1297.7371627502175	9.638163555732497
1298.7380330722367	9.631255668961344
1299.7389033942559	9.624358049009588
1300.739773716275	9.617470672729803
1301.7406440382942	9.610593517044514
1302.7415143603134	9.603726558945924
1303.7423846823324	9.596869775495655
1304.7432550043516	9.59002314382448
1305.7441253263707	9.583186641132066
1306.74499564839	9.57636024468672
1307.7458659704089	9.569543931825113
1308.746736292428	9.562737679952033
1309.7476066144472	9.555941466540137
1310.7484769364664	9.549155269129674
1311.7493472584856	9.542379065328252
1312.7502175805048	9.535612832810571
1313.751087902524	9.528856549318176
1314.7519582245432	9.52211019265921
1315.7528285465623	9.515373740708151
1316.7536988685813	9.508647171405581
1317.7545691906005	9.501930462757924
1318.7554395126197	9.495223592837212
1319.7563098346388	9.488526539780823
1320.7571801566578	9.481839281791258
1321.758050478677	9.475161797135879
1322.7589208006962	9.468494064146679
1323.7597911227153	9.461836061220039
1324.7606614447345	9.455187766816477
1325.7615317667537	9.448549159460429
1326.762402088773	9.441920217739995
1327.763272410792	9.435300920306707
1328.7641427328113	9.428691245875303
1329.7650130548302	9.422091173223476
1330.7658833768494	9.415500681191649
1331.7667536988686	9.408919748682743
1332.7676240208878	9.40234835466195
1333.7684943429067	9.395786478156491
1334.769364664926	9.389234098255395
1335.770234986945	9.38269119410927
1336.7711053089643	9.376157744930072
1337.7719756309834	9.369633729990888
1338.7728459530026	9.363119128625693
1339.7737162750218	9.356613920229144
1340.774586597041	9.35011808425635
1341.7754569190602	9.343631600222647
1342.7763272410791	9.337154447703375
1343.7771975630983	9.330686606333668
1344.7780678851175	9.324228055808224
1345.7789382071367	9.317778775881091
1346.7798085291556	9.311338746365449
1347.7806788511748	9.304907947133396
1348.781549173194	9.298486358115724
1349.7824194952132	9.292073959301717
1350.7832898172323	9.28567073073893
1351.7841601392515	9.279276652532975
1352.7850304612707	9.27289170484731
1353.78590078329	9.266515867903033
1354.786771105309	9.260149121978667
1355.787641427328	9.253791447409952
1356.7885117493472	9.247442824589637
1357.7893820713664	9.241103233967275
1358.7902523933856	9.234772656049016
1359.7911227154045	9.228451071397396
1360.7919930374237	9.22213846063114
1361.792863359443	9.215834804424958
1362.793733681462	9.209540083509337
1363.7946040034813	9.203254278670341
1364.7954743255004	9.196977370749414
1365.7963446475196	9.190709340643176
1366.7972149695388	9.184450169303222
1367.798085291558	9.178199837735933
1368.7989556135772	9.171958327002265
1369.7998259355961	9.165725618217566
1370.8006962576153	9.159501692551366
1371.8015665796345	9.153286531227193
1372.8024369016534	9.147080115522384
1373.8033072236726	9.140882426767869
1374.8041775456918	9.134693446347997
1375.805047867711	9.128513155700352
1376.8059181897302	9.122341536315536
1377.8067885117493	9.116178569737
1378.8076588337685	9.11002423756085
1379.8085291557877	9.103878521435655
1380.809399477807	9.097741403062264
1381.810269799826	9.091612864193612
1382.811140121845	9.085492886634546
1383.8120104438642	9.079381452241629
1384.8128807658834	9.073278542922958
1385.8137510879023	9.067184140637991
1386.8146214099215	9.061098227397345
1387.8154917319407	9.055020785262633
1388.81636205396	9.048951796346266
1389.817232375979	9.042891242811292
1390.8181026979983	9.036839106871199
1391.8189730200174	9.030795370789741
1392.8198433420366	9.024760016880766
1393.8207136640558	9.018733027508034
1394.821583986075	9.01271438508504
1395.822454308094	9.006704072074838
1396.8233246301131	9.000702070989865
1397.8241949521323	8.99470836439177
1398.8250652741513	8.988722934891246
1399.8259355961704	8.982745765147834
1400.8268059181896	8.976776837869785
1401.8276762402088	8.97081613581386
1402.828546562228	8.964863641785172
1403.8294168842472	8.958919338637012
1404.8302872062663	8.952983209270686
1405.8311575282855	8.94705523663534
1406.8320278503047	8.941135403727793
1407.832898172324	8.935223693592375
1408.8337684943428	8.929320089320752
1409.834638816362	8.923424574051769
1410.8355091383812	8.91753713097128
1411.8363794604002	8.911657743311986
1412.8372497824193	8.905786394353266
1413.8381201044385	8.899923067421021
1414.8389904264577	8.894067745887515
1415.839860748477	8.888220413171199
1416.840731070496	8.882381052736559
1417.8416013925153	8.876549648093961
1418.8424717145344	8.870726182799487
1419.8433420365536	8.864910640454767
1420.8442123585728	8.85910300470683
1421.8450826805918	8.853303259247957
1422.845953002611	8.847511387815496
1423.8468233246301	8.841727374191732
1424.847693646649	8.835951202203724
1425.8485639686683	8.830182855723137
1426.8494342906874	8.824422318666107
1427.8503046127066	8.818669574993077
1428.8511749347258	8.812924608708645
1429.852045256745	8.807187403861409
1430.8529155787642	8.801457944543825
1431.8537859007834	8.795736214892045
1432.8546562228025	8.79002219908577
1433.8555265448217	8.78431588134811
1434.8563968668407	8.778617245945412
1435.8572671888599	8.772926277187132
1436.858137510879	8.767242959425682
1437.859007832898	8.761567277056283
1438.8598781549172	8.755899214516804
1439.8607484769364	8.750238756287638
1440.8616187989555	8.744585886891546
1441.8624891209747	8.738940590893508
1442.863359442994	8.733302852900588
1443.864229765013	8.727672657561776
1444.8651000870323	8.722049989567864
1445.8659704090514	8.716434833651284
1446.8668407310706	8.710827174585987
1447.8677110530896	8.705226997187275
1448.8685813751088	8.699634286311682
1449.869451697128	8.69404902685683
1450.870322019147	8.68847120376128
1451.871192341166	8.682900802004399
1452.8720626631853	8.677337806606223
1453.8729329852044	8.671782202627318
1454.8738033072236	8.66623397516864
1455.8746736292428	8.6606931093714
1456.875543951262	8.655159590416922
1457.8764142732812	8.649633403526522
1458.8772845953004	8.644114533961355
1459.8781549173195	8.638602967022296
1460.8790252393385	8.63309868804979
1461.8798955613577	8.627601682423732
1462.8807658833769	8.622111935563328
1463.8816362053958	8.616629432926965
1464.882506527415	8.611154160012074
1465.8833768494342	8.605686102355
1466.8842471714534	8.60022524553088
1467.8851174934725	8.5947715751535
1468.8859878154917	8.589325076875172
1469.886858137511	8.583885736386604
1470.88772845953	8.578453539416772
1471.8885987815493	8.573028471732783
1472.8894691035684	8.567610519139766
1473.8903394255874	8.562199667480726
1474.8912097476066	8.556795902636422
1475.8920800696258	8.551399210525249
1476.892950391645	8.546009577103105
1477.8938207136641	8.540626988363266
1478.894691035683	8.535251430336267
1479.8955613577023	8.52988288908976
1480.8964316797214	8.524521350728426
1481.8973020017406	8.519166801393808
1482.8981723237598	8.513819227264223
1483.899042645779	8.508478614554617
1484.899912967798	8.503144949516464
1485.9007832898171	8.497818218437626
1486.9016536118363	8.492498407642238
1487.9025239338555	8.487185503490593
1488.9033942558747	8.481879492379019
1489.9042645778939	8.476580360739757
1490.905134899913	8.471288095040846
1491.906005221932	8.466002681786003
1492.9068755439512	8.460724107514501
1493.9077458659704	8.455452358801065
1494.9086161879895	8.450187422255732
1495.9094865100087	8.444929284523763
1496.910356832028	8.4396779322855
1497.9112271540469	8.434433352256269
1498.912097476066	8.429195531186254
1499.9129677980852	8.42396445586039
1500.9138381201044	8.418740113098245
1501.9147084421236	8.413522489753902
1502.9155787641428	8.408311572715856
1503.916449086162	8.403107348906897
1504.917319408181	8.397909805283987
1505.9181897302	8.392718928838162
1506.9190600522193	8.387534706594415
1507.9199303742384	8.38235712561159
1508.9208006962576	8.377186172982256
1509.9216710182768	8.372021835832616
1510.9225413402958	8.366864101322387
1511.923411662315	8.361712956644684
1512.9242819843341	8.356568389025933
1513.9251523063533	8.351430385725738
1514.9260226283725	8.346298934036788
1515.9268929503917	8.34117402128474
1516.9277632724109	8.336055634828124
1517.9286335944298	8.330943762058228
1518.929503916449	8.325838390398982
1519.9303742384682	8.32073950730687
1520.9312445604874	8.31564710027082
1521.9321148825065	8.31056115681209
1522.9329852045257	8.30548166448417
1523.9338555265447	8.300408610872676
1524.9347258485639	8.295341983595248
1525.935596170583	8.290281770301446
1526.9364664926022	8.285227958672639
1527.9373368146214	8.280180536421916
1528.9382071366406	8.275139491293976
1529.9390774586598	8.270104811065023
1530.9399477806787	8.265076483542673
1531.940818102698	8.260054496565841
1532.941688424717	8.255038838004655
1533.9425587467363	8.25002949576034
1534.9434290687554	8.245026457765135
1535.9442993907746	8.240029711982174
1536.9451697127936	8.235039246405407
1537.9460400348128	8.230055049059482
1538.946910356832	8.225077107999663
1539.9477806788511	8.220105411311721
1540.9486510008703	8.215139947111837
1541.9495213228895	8.210180703546516
1542.9503916449087	8.205227668792473
1543.9512619669276	8.200280831056554
1544.9521322889468	8.195340178575618
1545.953002610966	8.190405699616468
1546.9538729329852	8.185477382475732
1547.9547432550044	8.180555215479782
1548.9556135770235	8.17563918698463
1549.9564838990427	8.170729285375847
1550.9573542210617	8.165825499068454
1551.9582245430809	8.160927816506831
1552.9590948651	8.156036226164636
1553.9599651871192	8.151150716544699
1554.9608355091384	8.146271276178933
1555.9617058311576	8.141397893628243
1556.9625761531765	8.136530557482441
1557.9634464751957	8.131669256360132
1558.964316797215	8.126813978908649
1559.965187119234	8.121964713803953
1560.9660574412533	8.117121449750535
1561.9669277632725	8.11228417548133
1562.9677980852916	8.107452879757632
1563.9686684073106	8.102627551369007
1564.9695387293298	8.097808179133187
1565.970409051349	8.092994751896
1566.9712793733681	8.088187258531269
1567.9721496953873	8.083385687940732
1568.9730200174065	8.07859002905395
1569.9738903394255	8.073800270828226
1570.9747606614446	8.0690164022485
1571.9756309834638	8.064238412327285
1572.976501305483	8.059466290104567
1573.9773716275022	8.05470002464772
1574.9782419495214	8.04993960505143
1575.9791122715405	8.04518502043759
1576.9799825935595	8.040436259955236
1577.9808529155787	8.035693312780449
1578.9817232375979	8.030956168116274
1579.982593559617	8.026224815192636
1580.9834638816362	8.021499243266257
1581.9843342036554	8.01677944162057
1582.9852045256744	8.012065399565643
1583.9860748476935	8.00735710643808
1584.9869451697127	8.002654551600957
1585.987815491732	7.9979577244437285
1586.988685813751	7.993266614382146
1587.9895561357703	7.988581210858187
1588.9904264577895	7.983901503339952
1589.9912967798084	7.979227481321607
1590.9921671018276	7.974559134323289
1591.9930374238468	7.96989645189103
1592.993907745866	7.96523942359667
1593.9947780678851	7.960588039037789
1594.9956483899043	7.955942287837618
1595.9965187119233	7.951302159644964
1596.9973890339425	7.946667644134131
1597.9982593559616	7.942038731004832
1598.9991296779808	7.93741540998213
1600.0	7.932797670816338
