nm	mua[cm-1]
250.0	7684.536738012741
252.25225225225225	7448.399091909656
254.5045045045045	7221.520926037035
256.7567567567568	7003.461970433466
259.009009009009	6793.806495860089
261.26126126126127	6592.161748290264
263.5135135135135	6398.1564956591
265.76576576576576	6211.439677949067
268.01801801801804	6031.67915246584
270.27027027027026	5858.560526862294
272.52252252252254	5691.786073106651
274.77477477477476	5531.073716169256
277.02702702702703	5376.156091727396
279.2792792792793	5226.779667664739
281.5315315315315	5082.703924575291
283.7837837837838	4943.700590876429
286.036036036036	4809.552928494647
288.2882882882883	4680.055065414848
290.5405405405405	4555.011371682593
292.7927927927928	4434.235875720822
295.0450450450451	4317.551718071473
297.2972972972973	4204.79063989947
299.54954954954957	4095.792503804516
301.8018018018018	3990.4048446762936
304.05405405405406	3888.4824485027398
306.3063063063063	3789.8869572008302
308.55855855855856	3694.486497685452
310.81081081081084	3602.155333526432
313.06306306306305	3512.7735376668943
315.31531531531533	3426.2266847895025
317.56756756756755	3342.4055620212653
319.8198198198198	3261.2058967632897
322.07207207207205	3182.528100520145
324.3243243243243	3106.277027684576
326.5765765765766	3032.361748308247
328.8288288288288	2960.6953339580696
331.0810810810811	2891.1946558213976
333.33333333333337	2823.780194282112
335.5855855855856	2758.375859243825
337.8378378378378	2694.9088205266526
340.0900900900901	2633.309347710325
342.34234234234236	2573.5106588393037
344.5945945945946	2515.448777445272
346.84684684684686	2459.0623973791235
349.09909909909913	2404.2927549786764
351.35135135135135	2351.083508129838
353.6036036036036	2299.3806218083023
355.85585585585585	2249.1322597160174
358.1081081081081	2200.288681651856
360.36036036036035	2152.8021462794
362.6126126126126	2106.626818976482
364.8648648648649	2061.7186844714224
367.1171171171171	2018.0354639896557
369.3693693693694	1975.5365366520264
371.6216216216216	1934.1828648823207
373.8738738738739	1893.936923596764
376.1261261261261	1854.7626329624284
378.3783783783784	1816.6252945246179
380.63063063063066	1779.4915305156733
382.8828828828829	1743.3292261690576
385.1351351351351	1708.1074748733377
387.38738738738743	1673.796526010671
389.63963963963965	1640.3677353337503
391.8918918918919	1607.7935177438771
394.14414414414415	1576.04730234104
396.3963963963964	1545.1034896244705
398.64864864864865	1514.9374107293054
400.90090090090087	1485.525288591678
403.1531531531532	1456.8442009408193
405.4054054054054	1428.8720450226117
407.65765765765764	1401.5875039645134
409.9099099099099	1374.9700146969756
412.1621621621622	1348.9997373512404
414.4144144144144	1323.6575260579823
416.6666666666667	1298.924901075482
418.91891891891896	1274.784022180039
421.1711711711712	1251.2176632550375
423.4234234234234	1228.2091880186383
425.6756756756757	1205.7425268333561
427.92792792792795	1183.8021545438946
430.1801801801802	1162.373069292533
432.43243243243245	1141.4407722641135
434.6846846846847	1120.9912483152639
436.93693693693695	1101.010947444918
439.18918918918916	1081.4867670654985
441.44144144144144	1062.4060350362813
443.6936936936937	1043.7564934224965
445.94594594594594	1025.5262829456321
448.1981981981982	1007.7039280922241
450.4504504504505	990.2783228501119
452.7027027027027	973.2387170427494
454.9549549549549	956.5747032336734
457.2072072072072	940.2762041746743
459.4594594594595	924.333460772549
461.7117117117117	908.7370205506048
463.963963963964	893.4777265822789
466.21621621621625	878.5467068753907
468.4684684684685	863.9353641865999
470.7207207207207	849.6353662466814
472.97297297297297	835.638636378177
475.22522522522524	821.9373444879017
477.47747747747746	808.5238984176372
479.72972972972974	795.3909356371652
481.981981981982	782.531315264565
484.23423423423424	769.9381103994272
486.48648648648646	757.6046007553261
488.7387387387388	745.5242655785585
490.990990990991	733.6907768407676
493.2432432432432	722.0979926936598
495.4954954954955	710.7399511745919
497.7477477477478	699.6108641523239
500.0	688.7051115027374
502.2522522522523	678.0172355048004
504.50450450450455	667.5419354475107
506.7567567567568	657.2740624389734
509.009009009009	647.2086144091827
511.26126126126127	637.3407312984639
513.5135135135135	627.6656904238961
515.7657657657658	618.1789020163881
518.018018018018	608.8759049214121
520.2702702702702	599.7523624567149
522.5225225225225	590.804058420626
524.7747747747749	582.0268932448703
527.0270270270271	573.4168802860572
529.2792792792793	564.9701422502867
531.5315315315315	556.6829077455504
533.7837837837837	548.5515079568441
536.036036036036	540.5723734391285
538.2882882882883	532.7420310234864
540.5405405405406	525.0571008320344
542.7927927927929	517.5142933973242
545.0450450450451	510.1104068821675
547.2972972972973	502.8423243959866
549.5495495495495	495.7070114039568
551.8018018018017	488.7015132253699
554.0540540540541	481.8229526177975
556.3063063063064	475.06852744377886
558.5585585585586	468.43550841689216
560.8108108108108	461.92123692420324
563.063063063063	455.5231229222113
565.3153153153153	449.2386429035273
567.5675675675676	443.06533793163766
569.8198198198198	437.00081174121675
572.0720720720722	431.042728901549
574.3243243243244	425.1888130407327
576.5765765765766	419.43684512841736
578.8288288288288	413.7846618149343
581.081081081081	408.2301538247517
583.3333333333334	402.7712644022791
585.5855855855856	397.40598780812076
587.8378378378379	392.1323678639517
590.0900900900901	386.94849654427134
592.3423423423424	381.8525126133458
594.5945945945946	376.8426003057296
596.8468468468468	371.91698804881213
599.0990990990991	367.0739472258982
601.3513513513514	362.31179097839316
603.6036036036037	357.6288730457093
605.8558558558559	353.0235866415796
608.1081081081081	348.49436336549616
610.3603603603603	344.03967214805914
612.6126126126126	339.6580182290541
614.8648648648649	335.3479421671284
617.1171171171171	331.1080188799792
619.3693693693695	326.9368567140026
621.6216216216217	322.8330965424019
623.8738738738739	318.79541089077975
626.1261261261261	314.8225030892854
628.3783783783783	310.9131064504165
630.6306306306307	307.06598347161105
632.8828828828829	303.2799250617987
635.1351351351352	299.5537497911051
637.3873873873874	295.8863031629434
639.6396396396397	292.2764569077426
641.8918918918919	288.72310829760045
644.1441441441441	285.225179481169
646.3963963963964	281.78161683810646
648.6486486486486	278.3913903524564
650.900900900901	275.0534930043322
653.1531531531532	271.76694017931624
655.4054054054054	268.53076909499373
657.6576576576576	265.34403824407167
659.9099099099099	262.20582685354555
662.1621621621622	259.11523435940046
664.4144144144144	256.0713798963489
666.6666666666667	253.0734018021242
668.918918918919	250.12045713587042
671.1711711711712	247.21172121017815
673.4234234234234	244.34638713633814
675.6756756756756	241.5236653823961
677.927927927928	238.7427833436061
680.1801801801802	236.00298492489722
682.4324324324325	233.3035301349757
684.6846846846847	230.64369469170558
686.936936936937	228.02276963841442
689.1891891891892	225.44006097079028
691.4414414414414	222.89488927404227
693.6936936936937	220.386589370011
695.9459459459459	217.91450997392474
698.1981981981983	215.47801336050654
700.4504504504505	213.0764750391505
702.7027027027027	210.70928343789018
704.9549549549549	208.37583959589605
707.2072072072071	206.07555686424448
709.4594594594595	203.80786061471002
711.7117117117118	201.5721879563424
713.963963963964	199.36798745959507
716.2162162162163	197.1947188877816
718.4684684684685	195.0518529356432
720.7207207207207	192.93887097481763
722.9729729729729	190.85526480600547
725.2252252252252	188.80053641763843
727.4774774774776	186.77419775085954
729.7297297297298	184.77577047063025
731.981981981982	182.80478574278715
734.2342342342342	180.86078401687638
736.4864864864865	178.943314814598
738.7387387387387	177.05193652369917
740.990990990991	175.18621619715952
743.2432432432433	173.34572935751814
745.4954954954956	171.53005980619386
747.7477477477478	169.73879943765817
750.0	167.97154805832272
752.2522522522522	166.22791321000798
754.5045045045046	164.50750999786376
756.7567567567568	162.80996092261714
759.0090090090091	161.1348957170251
761.2612612612613	159.48195118641667
763.5135135135135	157.8507710532077
765.7657657657658	156.24100580528074
768.018018018018	154.65231254812093
770.2702702702703	153.0843548606053
772.5225225225225	151.53680265434448
774.7747747747748	150.00933203647895
777.0270270270271	148.50162517583576
779.2792792792793	147.0133701723543
781.5315315315315	145.54426092969075
783.7837837837839	144.09399703091626
786.0360360360361	142.66228361722506
788.2882882882883	141.24883126957013
790.5405405405405	139.85335589314874
792.7927927927929	138.47557860466114
795.0450450450451	137.1152256222681
797.2972972972973	135.77202815817478
799.5495495495496	134.44572231377194
801.8018018018018	133.1360489772664
804.0540540540541	131.84275372373392
806.3063063063063	130.5655867175321
808.5585585585586	129.30430261701005
810.8108108108108	128.0586604814551
813.063063063063	126.82842368021757
815.3153153153154	125.61335980395734
817.5675675675676	124.4132405779567
819.8198198198198	123.22784177744545
822.072072072072	122.05694314488697
824.3243243243244	120.900328309174
826.5765765765766	119.75778470668544
828.8288288288288	118.62910350415565
831.0810810810812	117.51407952331081
833.3333333333334	116.41251116722671
835.5855855855856	115.32420034836365
837.8378378378378	114.24895241823705
840.0900900900901	113.18657609868112
842.3423423423424	112.13688341466634
844.5945945945946	111.09968962863047
846.8468468468469	110.07481317628648
849.0990990990991	109.06207560386912
851.3513513513514	108.06130150678472
853.6036036036036	107.07231846962942
855.8558558558559	106.09495700754132
858.1081081081081	105.12905050885394
860.3603603603603	104.1744351790183
862.6126126126127	103.23094998576276
864.8648648648649	102.29843660546027
867.1171171171171	101.37673937067242
869.3693693693693	100.46570521884293
871.6216216216217	99.56518364211122
873.8738738738739	98.6750266382199
876.1261261261261	97.79508866248833
878.3783783783784	96.9252265808276
880.6306306306307	96.06529962377141
882.8828828828829	95.21516934149767
885.1351351351352	94.37469955981801
887.3873873873874	93.54375633711163
889.6396396396397	92.72220792218027
891.8918918918919	91.90992471300335
894.1441441441442	91.10677921637117
896.3963963963964	90.31264600837554
898.6486486486486	89.52740169573742
900.900900900901	88.75092487795187
903.1531531531532	87.9830961102313
905.4054054054054	87.22379786722757
907.6576576576576	86.4729145075155
909.90990990991	85.73033223881924
912.1621621621622	84.99593908396506
914.4144144144144	84.26962484754223
916.6666666666667	83.55128108325728
918.918918918919	82.84080106196429
921.1711711711712	82.13807974035593
923.4234234234234	81.44301373030041
925.6756756756757	80.75550126880884
927.927927927928	80.07544218861933
930.1801801801802	79.40273788938266
932.4324324324325	78.73729130943683
934.6846846846847	78.07900689815666
936.936936936937	77.42779058886501
939.1891891891892	76.78354977229348
941.4414414414415	76.14619327057987
943.6936936936937	75.51563131179046
945.9459459459459	74.89177550495478
948.1981981981983	74.27453881560226
950.4504504504505	73.66383554178871
952.7027027027027	73.05958129060208
954.9549549549549	72.46169295513666
957.2072072072073	71.8700886919255
959.4594594594595	71.28468789882075
961.7117117117117	70.70541119331179
963.963963963964	70.13218039127193
966.2162162162163	69.56491848612403
968.4684684684685	69.00354962841551
970.7207207207207	68.44799910579441
972.972972972973	67.8981933233772
975.2252252252252	67.35405978450004
977.4774774774775	66.81552707184498
979.7297297297298	66.2825248289331
981.981981981982	65.75498374197674
984.2342342342342	65.23283552208244
986.4864864864866	64.71601288779797
988.7387387387388	64.2044495479953
990.990990990991	63.69808018508243
993.2432432432432	63.1968404385374
995.4954954954956	62.700666888757056
997.7477477477478	62.20949704121438
1000.0	61.72326931091724
1002.2522522522523	61.241923007162775
1004.5045045045046	60.76539831858073
1006.7567567567568	60.29363629845961
1009.009009009009	59.82657885035006
1011.2612612612613	59.36416871393918
1013.5135135135135	58.90634945119053
1015.7657657657658	58.45306543274372
1018.0180180180181	58.00426182456871
1020.2702702702703	57.559884574869194
1022.5225225225225	57.11988040122985
1024.7747747747749	56.68419677800252
1027.027027027027	56.252781923926456
1029.2792792792793	55.825584789977434
1031.5315315315315	55.40255504744135
1033.7837837837837	54.98364307620766
1036.036036036036	54.568799953277804
1038.2882882882882	54.15797744148471
1040.5405405405404	53.751127978418566
1042.7927927927929	53.34820466555503
1045.045045045045	52.949161257581636
1047.2972972972973	52.553952151918054
1049.5495495495497	52.16253237842684
1051.801801801802	51.774857589310514
1054.0540540540542	51.39088404919095
1056.3063063063064	51.010568625367945
1058.5585585585586	50.63386877825295
1060.8108108108108	50.26074255197461
1063.063063063063	49.89114856515267
1065.3153153153153	49.52504600183676
1067.5675675675675	49.16239460260704
1069.8198198198197	48.80315465583304
1072.0720720720722	48.447286989088084
1074.3243243243244	48.09475296071589
1076.5765765765766	47.74551445154619
1078.8288288288288	47.39953385675688
1081.0810810810813	47.056774077879446
1083.3333333333335	46.71719851494511
1085.5855855855857	46.38077105876848
1087.837837837838	46.0474560833667
1090.0900900900901	45.71721843851082
1092.3423423423424	45.39002344240724
1094.5945945945946	45.06583687450638
1096.8468468468468	44.74462496843636
1099.099099099099	44.426354405059094
1101.3513513513512	44.11099230564654
1103.6036036036037	43.79850622517469
1105.855855855856	43.48886414573324
1108.1081081081081	43.18203447004825
1110.3603603603603	42.877986015116306
1112.6126126126128	42.57668800594736
1114.864864864865	42.278110069414865
1117.1171171171172	41.9822222282103
1119.3693693693695	41.68899489490106
1121.6216216216217	41.398398866088975
1123.873873873874	41.110405316668
1126.126126126126	40.824985794178986
1128.3783783783783	40.54211221325977
1130.6306306306305	40.261756850188824
1132.8828828828828	39.98389233752064
1135.1351351351352	39.70849165881111
1137.3873873873874	39.435528143431426
1139.6396396396397	39.1649754614684
1141.8918918918919	38.89680761871012
1144.1441441441443	38.63099895171499
1146.3963963963965	38.367524122962834
1148.6486486486488	38.10635811608619
1150.900900900901	37.84747623118081
1153.1531531531532	37.590854080193495
1155.4054054054054	37.336467582386014
1157.6576576576576	37.08429295987371
1159.9099099099099	36.83430673323735
1162.162162162162	36.58648571720695
1164.4144144144143	36.340807016416186
1166.6666666666667	36.09724802122616
1168.918918918919	35.85578640361732
1171.1711711711712	35.61640011314804
1173.4234234234236	35.37906737297892
1175.6756756756758	35.14376667596165
1177.927927927928	34.91047678079085
1180.1801801801803	34.67917670821826
1182.4324324324325	34.4498457373279
1184.6846846846847	34.222463401871074
1186.936936936937	33.997009486660254
1189.1891891891892	33.77346402402074
1191.4414414414414	33.55180729029906
1193.6936936936936	33.33201980242712
1195.9459459459458	33.11408231454104
1198.1981981981983	32.897975814653854
1200.4504504504505	32.68368152138098
1202.7027027027027	32.47118088071752
1204.9549549549552	32.26045556286654
1207.2072072072074	32.05148745911756
1209.4594594594596	31.844258678773965
1211.7117117117118	31.638751546128947
1213.963963963964	31.434948597488823
1216.2162162162163	31.232832578242995
1218.4684684684685	31.032386439979764
1220.7207207207207	30.83359333764713
1222.972972972973	30.636436626757856
1225.2252252252251	30.440899860637977
1227.4774774774774	30.246966787718062
1229.7297297297298	30.054621348866373
1231.981981981982	29.863847674763424
1234.2342342342342	29.674630083316863
1236.4864864864867	29.486953077116365
1238.738738738739	29.30080134092766
1240.9909909909911	29.11615973922492
1243.2432432432433	28.93301331376109
1245.4954954954956	28.751347281175377
1247.7477477477478	28.571147030637228
1250.0	28.39239812152626
1252.2522522522522	28.215086281147492
1254.5045045045044	28.039197402481285
1256.7567567567567	27.86471754196739
1259.009009009009	27.691632917322558
1261.2612612612613	27.519929905391123
1263.5135135135135	27.349595040027943
1265.7657657657658	27.180615010013316
1268.0180180180182	27.012976656999125
1270.2702702702704	26.846666973485952
1272.5225225225226	26.68167310083025
1274.7747747747749	26.51798232728155
1277.027027027027	26.355582086048805
1279.2792792792793	26.194459953395583
1281.5315315315315	26.034603646763614
1283.7837837837837	25.87600102292414
1286.036036036036	25.71864007615672
1288.2882882882884	25.562508936454893
1290.5405405405406	25.407595867758484
1292.7927927927929	25.25388926621174
1295.045045045045	25.101377658447348
1297.2972972972973	24.950049699895477
1299.5495495495495	24.79989417311774
1301.8018018018017	24.650899986165445
1304.0540540540542	24.5030561709619
1306.3063063063064	24.35635188170837
1308.5585585585586	24.210776393313097
1310.8108108108108	24.06631909984329
1313.063063063063	23.922969512999565
1315.3153153153153	23.780717260612434
1317.5675675675677	23.639552085160606
1319.81981981982	23.499463842310675
1322.0720720720722	23.360442499477777
1324.3243243243244	23.222478134407083
1326.5765765765766	23.085560933775596
1328.8288288288288	22.94968119181401
1331.081081081081	22.814829308948337
1333.3333333333335	22.680995790460884
1335.5855855855857	22.548171245170458
1337.837837837838	22.416346384131202
1340.0900900900901	22.285512019350087
1342.3423423423424	22.155659062522535
1344.5945945945946	22.02677852378601
1346.8468468468468	21.898861510491198
1349.0990990990992	21.771899225990566
1351.3513513513515	21.64588296844408
1353.6036036036037	21.52080412964158
1355.855855855856	21.39665419384185
1358.1081081081081	21.273424736627952
1360.3603603603603	21.151107423778537
1362.6126126126126	21.02969401015501
1364.864864864865	20.909176338604198
1367.1171171171172	20.78954633887637
1369.3693693693695	20.670796026558218
1371.6216216216217	20.552917502020755
1373.873873873874	20.43590294938178
1376.126126126126	20.319744635482706
1378.3783783783783	20.204434908879552
1380.6306306306308	20.08996619884783
1382.882882882883	19.97633101440122
1385.1351351351352	19.863521943323658
1387.3873873873874	19.751531651214776
1389.6396396396397	19.64035288054845
1391.8918918918919	19.529978449744174
1394.144144144144	19.420401252251214
1396.3963963963965	19.311614255645182
1398.6486486486488	19.203610500737017
1400.900900900901	19.096383100693956
1403.1531531531532	18.98992524017259
1405.4054054054054	18.884230174463568
1407.6576576576576	18.779291228647956
1409.9099099099099	18.675101796764963
1412.1621621621623	18.571655340990887
1414.4144144144145	18.468945390829205
1416.6666666666667	18.366965542311437
1418.918918918919	18.265709457208853
1421.1711711711712	18.165170862254705
1423.4234234234234	18.06534354837688
1425.6756756756756	17.96622136994081
1427.927927927928	17.867798244002504
1430.1801801801803	17.770068149571525
1432.4324324324325	17.67302512688376
1434.6846846846847	17.576663276683885
1436.936936936937	17.480976759517308
1439.1891891891892	17.385959795031546
1441.4414414414414	17.29160666128677
1443.6936936936938	17.197911694075522
1445.945945945946	17.104869286251365
1448.1981981981983	17.012473887066353
1450.4504504504505	16.92072000151725
1452.7027027027027	16.829602189700296
1454.954954954955	16.739115066174445
1457.2072072072071	16.649253299332933
1459.4594594594596	16.56001161078301
1461.7117117117118	16.471384774733874
1463.963963963964	16.383367617392405
1466.2162162162163	16.29595501636692
1468.4684684684685	16.20914190007856
1470.7207207207207	16.122923247180363
1472.972972972973	16.037294085983824
1475.2252252252254	15.95224949389288
1477.4774774774776	15.867784596845215
1479.7297297297298	15.783894568760704
1481.981981981982	15.700574630997016
1484.2342342342342	15.617820051812176
1486.4864864864865	15.535626145834033
1488.7387387387387	15.453988273536506
1490.9909909909911	15.372901840722527
1493.2432432432433	15.29236229801364
1495.4954954954956	15.212365140345995
1497.7477477477478	15.13290590647286
1500.0	15.053980178473415
1502.2522522522522	14.975583581267772
1504.5045045045047	14.897711782138146
1506.7567567567569	14.820360490256121
1509.009009009009	14.743525456215808
1511.2612612612613	14.66720247157297
1513.5135135135135	14.591387368389913
1515.7657657657658	14.516076018786109
1518.018018018018	14.44126433449446
1520.2702702702704	14.366948266423131
1522.5225225225226	14.293123804222889
1524.7747747747749	14.219786975859785
1527.027027027027	14.146933847193255
1529.2792792792793	14.074560521559418
1531.5315315315315	14.002663139359603
1533.7837837837837	13.931237877653961
1536.0360360360362	13.860280949760117
1538.2882882882884	13.789788604856863
1540.5405405405406	13.719757127592638
1542.7927927927929	13.650182837698942
1545.045045045045	13.581062089608505
1547.2972972972973	13.512391272078105
1549.5495495495495	13.444166807816112
1551.801801801802	13.376385153114512
1554.0540540540542	13.309042797485564
1556.3063063063064	13.242136263302758
1558.5585585585586	13.175662105446312
1560.8108108108108	13.109616910952894
1563.063063063063	13.043997298669687
1565.3153153153153	12.978799918912603
1567.5675675675677	12.914021453128713
1569.81981981982	12.849658613562749
1572.0720720720722	12.785708142927643
1574.3243243243244	12.722166814079058
1576.5765765765766	12.659031429693885
1578.8288288288288	12.596298821952583
1581.081081081081	12.533965852225366
1583.3333333333335	12.472029410762174
1585.5855855855857	12.410486416386378
1587.837837837838	12.349333816192123
1590.0900900900901	12.28856858524535
1592.3423423423424	12.228187726288366
1594.5945945945946	12.168188269447963
1596.8468468468468	12.108567271947013
1599.0990990990992	12.049321817819493
1601.3513513513515	11.990449017628945
1603.6036036036037	11.931946008190211
1605.855855855856	11.873809952294536
1608.1081081081081	11.816038038437908
1610.3603603603603	11.758627480552601
1612.6126126126126	11.701575517741924
1614.864864864865	11.64487941401805
1617.1171171171172	11.588536458043015
1619.3693693693695	11.53254396287267
1621.6216216216217	11.476899265703723
1623.873873873874	11.421599727623715
1626.126126126126	11.366642733363927
1628.3783783783783	11.312025691055196
1630.6306306306308	11.257746031986564
1632.882882882883	11.203801210366782
1635.1351351351352	11.150188703088544
1637.3873873873874	11.096906009495504
1639.6396396396397	11.043950651151995
1641.8918918918919	10.991320171615417
1644.144144144144	10.93901213621126
1646.3963963963965	10.887024131810742
1648.6486486486488	10.835353766611034
1650.900900900901	10.78399866991797
1653.1531531531532	10.732956491931324
1655.4054054054054	10.682224903532516
1657.6576576576576	10.631801596074798
1659.9099099099099	10.581684281175813
1662.1621621621623	10.531870690512552
1664.4144144144145	10.482358575618676
1666.6666666666667	10.433145707684114
1668.918918918919	10.384229877356992
1671.1711711711712	10.335608894547798
1673.4234234234234	10.287280588235788
1675.6756756756756	10.239242806277598
1677.927927927928	10.19149341521801
1680.1801801801803	10.144030300102914
1682.4324324324325	10.09685136429431
1684.6846846846847	10.049954529287486
1686.936936936937	10.003337734530218
1689.1891891891892	9.956998937244018
1691.4414414414414	9.910936112247393
1693.6936936936938	9.865147251781108
1695.945945945946	9.819630365335417
1698.1981981981983	9.77438347947919
1700.4504504504505	9.729404637691017
1702.7027027027027	9.684691900192162
1704.954954954955	9.640243343781398
1707.2072072072074	9.59605706167169
1709.4594594594596	9.552131163328706
1711.7117117117118	9.50846377431109
1713.963963963964	9.465053036112566
1716.2162162162163	9.421897106005757
1718.4684684684685	9.378994156887748
1720.7207207207207	9.336342377127371
1722.9729729729731	9.293939970414156
1725.2252252252254	9.251785155608996
1727.4774774774776	9.209876166596391
1729.7297297297298	9.168211252138386
1731.981981981982	9.126788675730092
1734.2342342342342	9.08560671545678
1736.4864864864865	9.044663663852576
1738.738738738739	9.003957827760678
1740.9909909909911	8.963487528195127
1743.2432432432433	8.923251100204062
1745.4954954954956	8.8832468927345
1747.7477477477478	8.843473268498563
1750.0	8.803928603841191
1752.2522522522522	8.764611288609268
1754.5045045045047	8.725519726022181
1756.7567567567569	8.686652332543806
1759.009009009009	8.64800753775583
1761.2612612612613	8.609583784232495
1763.5135135135135	8.571379527416669
1765.7657657657658	8.533393235497268
1768.018018018018	8.495623389287996
1770.2702702702704	8.458068482107377
1772.5225225225226	8.420727019660118
1774.7747747747749	8.38359751991969
1777.027027027027	8.346678513012213
1779.2792792792793	8.30996854110157
1781.5315315315315	8.273466158275754
1783.7837837837837	8.237169930434423
1786.0360360360362	8.201078435177656
1788.2882882882884	8.16519026169592
1790.5405405405406	8.129504010661165
1792.7927927927929	8.094018294119111
1795.045045045045	8.058731735382667
1797.2972972972973	8.023642968926486
1799.5495495495495	7.98875064028263
1801.801801801802	7.954053405937346
1804.0540540540542	7.919549933228938
1806.3063063063064	7.885238900246694
1808.5585585585586	7.851118995730904
1810.8108108108108	7.81718891897392
1813.063063063063	7.7834473797222605
1815.3153153153153	7.749893098079738
1817.5675675675677	7.716524804411604
1819.81981981982	7.683341239249709
1822.0720720720722	7.650341153198635
1824.3243243243244	7.617523306842829
1826.5765765765766	7.584886470654691
1828.8288288288288	7.552429424903635
1831.081081081081	7.52015095956608
1833.3333333333335	7.488049874236394
1835.5855855855857	7.456124978038757
1837.837837837838	7.424375089539926
1840.0900900900901	7.392799036662926
1842.3423423423424	7.361395656601619
1844.5945945945946	7.330163795736161
1846.8468468468468	7.299102309549335
1849.0990990990992	7.2682100625437345
1851.3513513513515	7.2374859281598285
1853.6036036036037	7.206928788694827
1855.855855855856	7.176537535222419
1858.1081081081081	7.1463110675133095
1860.3603603603603	7.11624829395659
1862.6126126126126	7.0863481314818975
1864.864864864865	7.056609505482371
1867.1171171171172	7.027031349738421
1869.3693693693695	6.997612606342234
1871.6216216216217	6.9683522256230725
1873.873873873874	6.939249166073342
1876.126126126126	6.910302394275387
1878.3783783783783	6.881510884829046
1880.6306306306308	6.852873620279934
1882.882882882883	6.824389591048468
1885.1351351351352	6.796057795359574
1887.3873873873874	6.767877239173141
1889.6396396396397	6.739846936115163
1891.8918918918919	6.711965907409569
1894.1441441441443	6.684233181810748
1896.3963963963965	6.656647795536758
1898.6486486486488	6.6292087922031815
1900.900900900901	6.601915222757673
1903.1531531531532	6.574766145415145
1905.4054054054054	6.547760625593614
1907.6576576576576	6.520897735850671
1909.90990990991	6.494176555820605
1912.1621621621623	6.467596172152154
1914.4144144144145	6.4411556784468464
1916.6666666666667	6.414854175197995
1918.918918918919	6.388690769730272
1921.1711711711712	6.362664576139897
1923.4234234234234	6.336774715235405
1925.6756756756758	6.311020314479012
1927.927927927928	6.285400507928569
1930.1801801801803	6.259914436180053
1932.4324324324325	6.234561246310675
1934.6846846846847	6.209340091822505
1936.936936936937	6.184250132586689
1939.1891891891892	6.159290534788178
1941.4414414414416	6.1344604708710335
1943.6936936936938	6.109759119484253
1945.945945945946	6.085185665428122
1948.1981981981983	6.060739299601099
1950.4504504504505	6.036419218947226
1952.7027027027027	6.012224626404036
1954.954954954955	5.988154730850981
1957.2072072072074	5.964208747058361
1959.4594594594596	5.9403858956367515
1961.7117117117118	5.91668540298691
1963.963963963964	5.893106501250185
1966.2162162162163	5.869648428259401
1968.4684684684685	5.846310427490213
1970.7207207207207	5.823091748012942
1972.9729729729731	5.799991644444864
1975.2252252252254	5.777009376902978
1977.4774774774776	5.754144210957205
1979.7297297297298	5.731395417584056
1981.981981981982	5.708762273120747
1984.2342342342342	5.686244059219736
1986.4864864864865	5.663840062803723
1988.738738738739	5.641549576021056
1990.9909909909911	5.619371896201588
1993.2432432432433	5.597306325812931
1995.4954954954956	5.575352172417152
1997.7477477477478	5.553508748627867
2000.0	5.531775372067752
2002.2522522522522	5.510151365326451
2004.5045045045047	5.488636055918893
2006.7567567567569	5.467228776244007
2009.009009009009	5.44592886354381
2011.2612612612613	5.4247356598629075
2013.5135135135135	5.403648512008359
2015.7657657657658	5.38266677150994
2018.018018018018	5.361789794580761
2020.2702702702704	5.34101694207827
2022.5225225225226	5.32034757946563
2024.7747747747749	5.299781076773433
2027.027027027027	5.279316808561807
2029.2792792792793	5.258954153882856
2031.5315315315315	5.238692496243463
2033.7837837837837	5.2185312235684425
2036.0360360360362	5.198469728164026
2038.2882882882884	5.178507406681714
2040.5405405405406	5.158643660082435
2042.7927927927929	5.138877893601061
2045.045045045045	5.119209516711247
2047.2972972972973	5.099637943090599
2049.5495495495497	5.080162590586161
2051.801801801802	5.060782881180238
2054.054054054054	5.041498240956514
2056.3063063063064	5.022308100066501
2058.5585585585586	5.003211892696293
2060.810810810811	4.984209057033632
2063.063063063063	4.965299035235269
2065.3153153153153	4.946481273394638
2067.5675675675675	4.927755221509818
2069.8198198198197	4.909120333451799
2072.072072072072	4.890576066933034
2074.324324324324	4.872121883476281
2076.5765765765764	4.853757248383737
2078.8288288288286	4.835481630706441
2081.0810810810813	4.817294503213976
2083.3333333333335	4.799195342364444
2085.5855855855857	4.781183628274693
2087.837837837838	4.7632588446908475
2090.09009009009	4.745420478959095
2092.3423423423424	4.727668021996728
2094.5945945945946	4.710000968263474
2096.8468468468473	4.6924188157330535
2099.0990990990995	4.674921065865043
2101.3513513513517	4.657507223576932
2103.603603603604	4.640176797216494
2105.855855855856	4.622929298534364
2108.1081081081084	4.60576424265689
2110.3603603603606	4.588681148059217
2112.612612612613	4.571679536538618
2114.864864864865	4.554758933188063
2117.1171171171172	4.537918866370036
2119.3693693693695	4.521158867690567
2121.6216216216217	4.504478471973525
2123.873873873874	4.487877217235115
2126.126126126126	4.471354644658624
2128.3783783783783	4.45491029856938
2130.6306306306305	4.438543726409944
2132.8828828828828	4.42225447871552
2135.135135135135	4.406042109089585
2137.387387387387	4.389906174179732
2139.6396396396394	4.37384623365374
2141.8918918918916	4.357861850175849
2144.1441441441443	4.341952589383236
2146.3963963963965	4.326118019862733
2148.6486486486488	4.310357713127707
2150.900900900901	4.29467124359518
2153.153153153153	4.279058188563137
2155.4054054054054	4.263518128188038
2157.6576576576576	4.248050645462527
2159.9099099099103	4.232655326193335
2162.1621621621625	4.217331758979399
2164.4144144144148	4.202079535190132
2166.666666666667	4.186898248943923
2168.918918918919	4.171787497086813
2171.1711711711714	4.156746879171354
2173.4234234234236	4.141775997435658
2175.675675675676	4.126874456782625
2177.927927927928	4.112041864759365
2180.1801801801803	4.0972778315367835
2182.4324324324325	4.082581969889357
2184.6846846846847	4.067953895175081
2186.936936936937	4.053393225315594
2189.189189189189	4.0388995807764765
2191.4414414414414	4.024472584547712
2193.6936936936936	4.010111862124334
2195.945945945946	3.9958170414872263
2198.198198198198	3.981587753084097
2200.4504504504503	3.9674236298106194
2202.7027027027025	3.9533243069917274
2204.9549549549547	3.939289422363083
2207.2072072072074	3.925318616052696
2209.4594594594596	3.911411530562713
2211.711711711712	3.8975678107513456
2213.963963963964	3.8837871038149703
2216.2162162162163	3.870069059270378
2218.4684684684685	3.8564133289371743
2220.7207207207207	3.8428195669203298
2222.9729729729734	3.8292874295928825
2225.2252252252256	3.815816575578797
2227.477477477478	3.8024066657359468
2229.72972972973	3.7890573631392646
2231.9819819819822	3.775768333064032
2234.2342342342345	3.762539242969305
2236.4864864864867	3.7493697624814835
2238.738738738739	3.7362595633780256
2240.990990990991	3.7232083195712944
2243.2432432432433	3.710215707092548
2245.4954954954956	3.6972814040760564
2247.747747747748	3.684405090743366
2250.0	3.6715864493876853
2252.252252252252	3.6588251643584098
2254.5045045045044	3.6461209220457778
2256.7567567567567	3.633473410865651
2259.009009009009	3.62088232124443
2261.261261261261	3.6083473456040904
2263.5135135135133	3.5958681783473545
2265.7657657657655	3.5834445158429724
2268.018018018018	3.571076056411143
2270.2702702702704	3.558762500309056
2272.5225225225226	3.546503549716537
2274.774774774775	3.534298908721835
2277.027027027027	3.5221482833075157
2279.2792792792793	3.510051381336482
2281.5315315315315	3.4980079125381027
2283.783783783784	3.4860175884944598
2286.0360360360364	3.474080122626721
2288.2882882882886	3.4621952301816026
2290.540540540541	3.4503626282179676
2292.792792792793	3.4385820355935257
2295.0450450450453	3.426853172951645
2297.2972972972975	3.41517576270827
2299.5495495495497	3.4035495290389552
2301.801801801802	3.391974197866001
2304.054054054054	3.3804494968456953
2306.3063063063064	3.3689751553556646
2308.5585585585586	3.357550904482328
2310.810810810811	3.346176477008452
2313.063063063063	3.3348516074008128
2315.3153153153153	3.323576031797957
2317.5675675675675	3.3123494879980613
2319.8198198198197	3.301171715446902
2322.072072072072	3.290042455225904
2324.3243243243246	3.278961450040311
2326.576576576577	3.267928444207439
2328.828828828829	3.256943183645022
2331.0810810810813	3.2460054158596656
2333.3333333333335	3.235114889935387
2335.5855855855857	3.2242713565222516
2337.837837837838	3.213474567825101
2340.09009009009	3.2027242775923717
2342.3423423423424	3.192020241105009
2344.5945945945946	3.1813622151654655
2346.846846846847	3.1707499580867933
2349.099099099099	3.160183229681824
2351.3513513513512	3.1496617912524374
2353.6036036036035	3.1391854055789095
2355.855855855856	3.128753836909358
2358.1081081081084	3.1183668509492724
2360.3603603603606	3.108024214851114
2362.612612612613	3.0977256972040164
2364.864864864865	3.087471068023564
2367.1171171171172	3.0772600987416485
2369.3693693693695	3.067092562196413
2371.6216216216217	3.056968232622274
2373.873873873874	3.0468868856400215
2376.126126126126	3.0368482982470053
2378.3783783783783	3.026852248807393
2380.6306306306305	3.016898517042509
2382.8828828828828	3.0069868840212526
2385.1351351351354	2.997117132150586
2387.3873873873877	2.9872890451661136
2389.63963963964	2.977502408122713
2391.891891891892	2.967757007385262
2394.1441441441443	2.9580526306194295
2396.3963963963965	2.948389066782541
2398.6486486486488	2.9387661061145174
2400.900900900901	2.9291835401288866
2403.153153153153	2.9196411616038636
2405.4054054054054	2.9101387645735053
2407.6576576576576	2.9006761443189317
2409.90990990991	2.891253097359619
2412.162162162162	2.88186942144476
2414.4144144144143	2.872524915544696
2416.666666666667	2.8632193798424086
2418.918918918919	2.853952615725093
2421.1711711711714	2.8447244257757784
2423.4234234234236	2.8355346137650304
2425.675675675676	2.82638298464271
2427.927927927928	2.8172693445298047
2430.1801801801803	2.8081935007103125
2432.4324324324325	2.799155261623203
2434.6846846846847	2.7901544368544293
2436.936936936937	2.781190837129011
2439.189189189189	2.7722642743031756
2441.4414414414414	2.7633745613565597
2443.6936936936936	2.7545215123844753
2445.945945945946	2.7457049425902333
2448.1981981981985	2.736924668277527
2450.4504504504507	2.7281805068428793
2452.702702702703	2.719472276768139
2454.954954954955	2.710799797613045
2457.2072072072074	2.7021628900078443
2459.4594594594596	2.693561375645966
2461.711711711712	2.6849950772767572
2463.963963963964	2.6764638186982674
2466.2162162162163	2.6679674247500946
2468.4684684684685	2.6595057213062856
2470.7207207207207	2.6510785352682897
2472.972972972973	2.6426856945579678
2475.225225225225	2.6343270281106554
2477.4774774774774	2.626002365868277
2479.72972972973	2.6177115387725176
2481.9819819819822	2.6094543787580444
2484.2342342342345	2.6012307187457786
2486.4864864864867	2.5930403926362198
2488.738738738739	2.5848832353028266
2490.990990990991	2.5767590825854394
2493.2432432432433	2.56866777128376
2495.4954954954956	2.56060913915088
2497.747747747748	2.5525830248868546
2500.0	2.544589268132331
