mua[cm-1]	nm
0.0828	429.0
0.08216	430.0
0.08158	431.0
0.08069000000000001	432.0
0.07927	433.0
0.07832	434.0
0.07721	435.0
0.07652	436.0
0.07623	437.0
0.0756	438.0
0.07474	439.0
0.07383	440.0
0.07244	441.0
0.07104	442.0
0.07	443.0
0.06899	444.0
0.06811	445.0
0.06729	446.0
0.06659	447.0
0.06571	448.0
0.06464	449.0
0.06375	450.0
0.06291000000000001	451.0
0.0621	452.0
0.06135	453.0
0.06049	454.0
0.059500000000000004	455.0
0.05837	456.0
0.057510000000000006	457.0
0.05663000000000001	458.0
0.05593	459.0
0.05523	460.0
0.054130000000000005	461.0
0.05288	462.0
0.05144	463.0
0.049850000000000005	464.0
0.04846	465.0
0.0472	466.0
0.04594	467.0
0.045129999999999997	468.0
0.044340000000000004	469.0
0.04327	470.0
0.04208	471.0
0.040839999999999994	472.0
0.03961	473.0
0.03843	474.0
0.037320000000000006	475.0
0.03635	476.0
0.035339999999999996	477.0
0.03452	478.0
0.03386	479.0
0.03315	480.0
0.03261	481.0
0.031920000000000004	482.0
0.03109	483.0
0.03013	484.0
0.02919	485.0
0.028319999999999998	486.0
0.0275	487.0
0.026760000000000003	488.0
0.02597	489.0
0.025150000000000002	490.0
0.02437	491.0
0.02368	492.0
0.02298	493.0
0.0225	494.0
0.02193	495.0
0.021240000000000002	496.0
0.0206	497.0
0.01998	498.0
0.01942	499.0
0.01906	500.0
0.01875	501.0
0.01828	502.0
0.01776	503.0
0.017240000000000002	504.0
0.01683	505.0
0.016479999999999998	506.0
0.016200000000000003	507.0
0.01576	508.0
0.015340000000000001	509.0
0.015009999999999999	510.0
0.014750000000000001	511.0
0.014570000000000001	512.0
0.01432	513.0
0.01403	514.0
0.013680000000000001	515.0
0.013300000000000001	516.0
0.01298	517.0
0.012700000000000001	518.0
0.01246	519.0
0.012310000000000001	520.0
0.012110000000000001	521.0
0.011890000000000001	522.0
0.01165	523.0
0.01145	524.0
0.011319999999999998	525.0
0.01113	526.0
0.01091	527.0
0.01064	528.0
0.01042	529.0
0.01031	530.0
0.010169999999999998	531.0
0.01002	532.0
0.00991	533.0
0.00984	534.0
0.00978	535.0
0.0097	536.0
0.00951	537.0
0.009290000000000001	538.0
0.009130000000000001	539.0
0.008960000000000001	540.0
0.0088	541.0
0.00864	542.0
0.00849	543.0
0.0084	544.0
0.00833	545.0
0.00828	546.0
0.00822	547.0
0.00805	548.0
0.007850000000000001	549.0
0.007730000000000001	550.0
0.0076300000000000005	551.0
0.0076	552.0
0.00757	553.0
0.0074600000000000005	554.0
0.00733	555.0
0.00724	556.0
0.00718	557.0
0.0070999999999999995	558.0
0.007039999999999999	559.0
0.00698	560.0
0.0069	561.0
0.0068200000000000005	562.0
0.006730000000000001	563.0
0.006620000000000001	564.0
0.00653	565.0
0.00647	566.0
0.00641	567.0
0.00636	568.0
0.0063	569.0
0.0062900000000000005	570.0
0.0063300000000000006	571.0
0.00639	572.0
0.00632	573.0
0.00613	574.0
0.005889999999999999	575.0
0.00573	576.0
0.005620000000000001	577.0
0.00563	578.0
0.005659999999999999	579.0
0.005659999999999999	580.0
0.005639999999999999	581.0
0.005620000000000001	582.0
0.005620000000000001	583.0
0.00557	584.0
0.0054800000000000005	585.0
0.005410000000000001	586.0
0.0053	587.0
0.005200000000000001	588.0
0.00512	589.0
0.00502	590.0
0.00493	591.0
0.00488	592.0
0.00485	593.0
0.00486	594.0
0.00487	595.0
0.00479	596.0
0.00472	597.0
0.0046700000000000005	598.0
0.00462	599.0
0.00466	600.0
0.00471	601.0
0.00479	602.0
0.00487	603.0
0.00487	604.0
0.00484	605.0
0.0048	606.0
0.00475	607.0
0.0047	608.0
0.00469	609.0
0.00464	610.0
0.00458	611.0
0.004540000000000001	612.0
0.00442	613.0
0.00427	614.0
0.00422	615.0
0.00423	616.0
0.0043	617.0
0.00437	618.0
0.00435	619.0
0.0043	620.0
0.00425	621.0
0.00433	622.0
0.0044	623.0
0.00438	624.0
0.00432	625.0
0.00426	626.0
0.00424	627.0
0.00426	628.0
0.00428	629.0
0.00428	630.0
0.00429	631.0
0.00437	632.0
0.00444	633.0
0.0044	634.0
0.0043100000000000005	635.0
0.0042	636.0
0.00422	637.0
0.00433	638.0
0.00446	639.0
0.004520000000000001	640.0
0.0045000000000000005	641.0
0.00449	642.0
0.00453	643.0
0.0046	644.0
0.0046500000000000005	645.0
0.00464	646.0
0.00464	647.0
0.00464	648.0
0.0046500000000000005	649.0
0.00471	650.0
0.00472	651.0
0.0046700000000000005	652.0
0.00464	653.0
0.00457	654.0
0.0044800000000000005	655.0
0.00438	656.0
0.00428	657.0
0.00424	658.0
0.00422	659.0
0.00418	660.0
0.00414	661.0
0.00413	662.0
0.00414	663.0
0.00419	664.0
0.00428	665.0
0.00439	666.0
0.00447	667.0
0.004520000000000001	668.0
0.00453	669.0
0.0045000000000000005	670.0
0.004520000000000001	671.0
0.00457	672.0
0.00462	673.0
0.0046300000000000004	674.0
0.00457	675.0
0.00446	676.0
0.00433	677.0
0.00422	678.0
0.00413	679.0
0.00406	680.0
0.00398	681.0
0.00387	682.0
0.00375	683.0
0.0037	684.0
0.00369	685.0
0.00366	686.0
0.00361	687.0
0.0035399999999999997	688.0
0.00348	689.0
0.0034200000000000003	690.0
0.00338	691.0
0.00335	692.0
0.0033100000000000004	693.0
0.0032800000000000004	694.0
0.0032400000000000003	695.0
0.00321	696.0
0.0032400000000000003	697.0
0.0032700000000000003	698.0
0.0032500000000000003	699.0
0.0032300000000000002	700.0
0.0032	701.0
0.00319	702.0
0.00322	703.0
0.0032600000000000003	704.0
0.0032300000000000002	705.0
0.00318	706.0
0.00313	707.0
0.0031	708.0
0.00311	709.0
0.00315	710.0
0.0032	711.0
0.00321	712.0
0.0032	713.0
0.00321	714.0
0.0032600000000000003	715.0
0.00334	716.0
0.0034300000000000003	717.0
0.0035099999999999997	718.0
0.00358	719.0
0.00367	720.0
0.00376	721.0
0.00383	722.0
0.0039000000000000003	723.0
0.0040100000000000005	724.0
0.00415	725.0
0.0043	726.0
0.00447	727.0
0.0046300000000000004	728.0
0.0048	729.0
0.0049900000000000005	730.0
0.0051600000000000005	731.0
0.005350000000000001	732.0
0.005520000000000001	733.0
0.005639999999999999	734.0
0.0057599999999999995	735.0
0.005889999999999999	736.0
0.006	737.0
0.00616	738.0
0.00636	739.0
0.006540000000000001	740.0
0.0068000000000000005	741.0
0.00707	742.0
0.00735	743.0
0.00768	744.0
0.00801	745.0
0.00837	746.0
0.00874	747.0
0.009080000000000001	748.0
0.00941	749.0
0.00972	750.0
0.01001	751.0
0.0103	752.0
0.01059	753.0
0.01089	754.0
0.011200000000000002	755.0
0.011550000000000001	756.0
0.011899999999999999	757.0
0.012270000000000001	758.0
0.012580000000000001	759.0
0.01278	760.0
0.012889999999999999	761.0
0.0129	762.0
0.01273	763.0
0.012490000000000001	764.0
0.01206	765.0
0.01153	766.0
0.01089	767.0
0.010209999999999999	768.0
0.00948	769.0
0.00871	770.0
0.007930000000000001	771.0
0.00719	772.0
0.00653	773.0
0.00596	774.0
0.00553	775.0
0.00515	776.0
0.00481	777.0
0.00451	778.0
0.00426	779.0
0.00409	780.0
0.00391	781.0
0.00378	782.0
0.00366	783.0
0.0036	784.0
0.00357	785.0
0.0035499999999999998	786.0
0.0035299999999999997	787.0
0.00349	788.0
0.00346	789.0
0.00346	790.0
0.00347	791.0
0.00347	792.0
0.00347	793.0
0.0035199999999999997	794.0
0.00359	795.0
0.00369	796.0
0.00379	797.0
0.00387	798.0
0.00393	799.0
0.004030000000000001	800.0
0.00413	801.0
0.00424	802.0
0.00434	803.0
0.00442	804.0
0.004540000000000001	805.0
0.0046700000000000005	806.0
0.00482	807.0
0.0049700000000000005	808.0
0.00511	809.0
0.00527	810.0
0.005470000000000001	811.0
0.00567	812.0
0.00583	813.0
0.00594	814.0
0.00603	815.0
0.00615	816.0
0.0063300000000000006	817.0
0.006540000000000001	818.0
0.00674	819.0
0.0069099999999999995	820.0
0.0070799999999999995	821.0
0.00724	822.0
0.0074	823.0
0.00758	824.0
0.007750000000000001	825.0
0.00786	826.0
0.00796	827.0
0.00799	828.0
0.008020000000000001	829.0
0.00803	830.0
0.00803	831.0
0.00801	832.0
0.007940000000000001	833.0
0.007850000000000001	834.0
0.007750000000000001	835.0
0.00764	836.0
0.00757	837.0
0.00751	838.0
0.00739	839.0
0.00726	840.0
0.00715	841.0
0.00703	842.0
0.00692	843.0
0.006850000000000001	844.0
0.0067800000000000004	845.0
0.006690000000000001	846.0
0.00661	847.0
0.00651	848.0
0.00643	849.0
0.006370000000000001	850.0
0.0063300000000000006	851.0
0.00632	852.0
0.0063100000000000005	853.0
0.0063300000000000006	854.0
0.00639	855.0
0.00647	856.0
0.006560000000000001	857.0
0.006620000000000001	858.0
0.00666	859.0
0.00674	860.0
0.0068000000000000005	861.0
0.0069	862.0
0.00705	863.0
0.00724	864.0
0.00751	865.0
0.00786	866.0
0.00822	867.0
0.0086	868.0
0.00899	869.0
0.00938	870.0
0.00979	871.0
0.01022	872.0
0.010740000000000001	873.0
0.01133	874.0
0.01198	875.0
0.01264	876.0
0.01345	877.0
0.0143	878.0
0.015269999999999999	879.0
0.01636	880.0
0.01752	881.0
0.01867	882.0
0.01992	883.0
0.02121	884.0
0.02262	885.0
0.02414	886.0
0.02581	887.0
0.027540000000000002	888.0
0.02932	889.0
0.03116	890.0
0.03305	891.0
0.034910000000000004	892.0
0.03674	893.0
0.03833	894.0
0.039830000000000004	895.0
0.041210000000000004	896.0
0.04256	897.0
0.043840000000000004	898.0
0.04506	899.0
0.04633	900.0
0.04766	901.0
0.04915	902.0
0.050780000000000006	903.0
0.05267	904.0
0.054720000000000005	905.0
0.057210000000000004	906.0
0.05994	907.0
0.06316	908.0
0.06663000000000001	909.0
0.07046000000000001	910.0
0.07438	911.0
0.07837	912.0
0.08234	913.0
0.08621000000000001	914.0
0.08994	915.0
0.09354	916.0
0.09683	917.0
0.1	918.0
0.1032	919.0
0.10650000000000001	920.0
0.1099	921.0
0.1133	922.0
0.1167	923.0
0.12	924.0
0.1231	925.0
0.126	926.0
0.1282	927.0
0.12990000000000002	928.0
0.1307	929.0
0.131	930.0
0.12990000000000002	931.0
0.1283	932.0
0.1253	933.0
0.1218	934.0
0.11750000000000001	935.0
0.1126	936.0
0.107	937.0
0.1008	938.0
0.09433	939.0
0.08753999999999999	940.0
0.08088	941.0
0.07446	942.0
0.06822	943.0
0.0625	944.0
0.05704	945.0
0.05234	946.0
0.04802	947.0
0.04445	948.0
0.04109	949.0
0.03799	950.0
0.03519	951.0
0.03274	952.0
0.030459999999999997	953.0
0.02852	954.0
0.02666	955.0
0.02504	956.0
0.02358	957.0
0.02242	958.0
0.021330000000000002	959.0
0.020470000000000002	960.0
0.01975	961.0
0.01917	962.0
0.018600000000000002	963.0
0.018080000000000002	964.0
0.01753	965.0
0.01693	966.0
0.016390000000000002	967.0
0.01589	968.0
0.01554	969.0
0.01528	970.0
0.0151	971.0
0.014910000000000001	972.0
0.01463	973.0
0.014310000000000002	974.0
0.01413	975.0
0.014079999999999999	976.0
0.01414	977.0
0.01421	978.0
0.014230000000000001	979.0
0.01417	980.0
0.014070000000000001	981.0
0.01406	982.0
0.014199999999999999	983.0
0.014410000000000001	984.0
0.014810000000000002	985.0
0.01524	986.0
0.01564	987.0
0.01607	988.0
0.01652	989.0
0.01716	990.0
0.017929999999999998	991.0
0.01891	992.0
0.01994	993.0
0.020870000000000003	994.0
0.02178	995.0
0.022719999999999997	996.0
0.02366	997.0
0.02464	998.0
0.0256	999.0
0.02654	1000.0
0.02751	1001.0
0.028700000000000003	1002.0
0.02996	1003.0
0.03136	1004.0
0.03282	1005.0
0.034300000000000004	1006.0
0.03579	1007.0
0.03735	1008.0
0.03894	1009.0
0.04057	1010.0
0.04222000000000001	1011.0
0.04388	1012.0
0.045540000000000004	1013.0
0.047220000000000005	1014.0
0.04877	1015.0
0.05024	1016.0
0.05152	1017.0
0.052790000000000004	1018.0
0.053860000000000005	1019.0
0.05481	1020.0
0.05561	1021.0
0.056310000000000006	1022.0
0.05683	1023.0
0.05734	1024.0
0.0579	1025.0
0.058570000000000004	1026.0
0.059480000000000005	1027.0
0.0605	1028.0
0.06164	1029.0
0.06274	1030.0
0.06389	1031.0
0.06503	1032.0
0.0661	1033.0
0.06717	1034.0
0.06799000000000001	1035.0
0.06871000000000001	1036.0
0.06926	1037.0
0.0697	1038.0
0.07003999999999999	1039.0
0.07029	1040.0
0.07018	1041.0
0.06998	1042.0
0.06967	1043.0
0.06904	1044.0
0.06849999999999999	1045.0
0.06792	1046.0
0.06719	1047.0
0.06662	1048.0
0.06596	1049.0
0.06504	1050.0
0.06419	1051.0
0.06348	1052.0
0.06281	1053.0
0.06212	1054.0
0.06139000000000001	1055.0
0.060450000000000004	1056.0
0.059480000000000005	1057.0
0.05867	1058.0
0.05789	1059.0
0.057050000000000003	1060.0
0.056159999999999995	1061.0
0.05534	1062.0
0.054450000000000005	1063.0
0.05364	1064.0
0.05303	1065.0
0.052590000000000005	1066.0
0.05224	1067.0
0.0518	1068.0
0.051210000000000006	1069.0
0.05065000000000001	1070.0
0.050320000000000004	1071.0
0.05025	1072.0
0.05015	1073.0
0.05005	1074.0
0.04947	1075.0
0.048780000000000004	1076.0
0.04851	1077.0
0.04841	1078.0
0.04816	1079.0
0.04811	1080.0
0.04813	1081.0
0.04798	1082.0
0.04816	1083.0
0.048040000000000006	1084.0
0.04763	1085.0
0.04755	1086.0
0.047619999999999996	1087.0
0.04771	1088.0
0.04797	1089.0
0.048010000000000004	1090.0
0.0478	1091.0
0.047830000000000004	1092.0
0.047830000000000004	1093.0
0.0479	1094.0
0.048369999999999996	1095.0
0.048760000000000005	1096.0
0.048920000000000005	1097.0
0.049109999999999994	1098.0
0.1175150414070388	1123.279352226721
0.1021752700885425	1129.4736842105262
0.1253518769188504	1135.668016194332
0.1457308177406414	1135.668016194332
0.1731082464192877	1137.7327935222672
0.2012511254591162	1145.9919028340082
0.2078533408421842	1145.9919028340082
0.2469012931061498	1145.9919028340082
0.2779234764924106	1145.9919028340082
0.3716151901752411	1152.1862348178138
0.3231065740226682	1152.1862348178138
0.4414279348139956	1154.251012145749
0.5300283082408482	1156.3157894736842
0.6364119381231071	1162.510121
0.7641481571613827	1164.5748987854251
0.7977543093729471	1172.834008097166
0.9077033227533106	1183.157894736842
1.0328058557089124	1183.157894736842
1.1878630004490205	1189.3522267206476
1.2535187691885046	1191.417004048583
1.4417119713804982	1193.4817813765185
1.7125563081073103	1199.676113360324
1.8665001853237424	1210.0
1.731082464192877	1212.0647773279352
1.4730731006568738	1224.4534412955468
1.1878630004490205	1224.4534412955468
1.150131938043358	1224.4534412955468
0.9374813069860548	1230.6477732793524
0.7892166913454511	1230.6477732793524
0.678852936	1230.6477732793524
0.5714909347311979	1236.842105263158
0.5902391838749417	1236.842105263158
0.4811084565435328	1238.906882591093
0.4608413093393003	1238.906882591093
0.3963974400406571	1245.101214574899
0.3094954050454708	1247.165991902834
0.3716151901752411	1249.2307692307693
0.2964576193907456	1253.360324
0.2469012931061498	1257.4898785425105
0.233969301499713	1261.6194331983806
0.2056288809940832	1267.8137651821862
0.1846524780060096	1271.9433198380566
0.1676096678406874	1286.3967611336034
0.1426282676956517	1288.4615384615386
0.1380978495689806	1294.655870445344
0.1213702228990652	1298.7854251012143
0.1175150414070388	1311.174089068826
0.1021752700885425	1319.4331983805669
0.1150131938043358	1331.8218623481782
0.1267079131708693	1350.4048582995952
0.1473073100656874	1352.4696356275304
0.1537856766462377	1358.663967611336
0.1807213015889212	1358.663967611336
0.210101864535752	1358.663967611336
0.2265375435338888	1358.663967611336
0.266215688	1362.7935222672063
0.2779234764924106	1362.7935222672063
0.3231065740226682	1362.7935222672063
0.3756352629660522	1362.7935222672063
0.4094015972620127	1366.923076923077
0.4367037446092809	1366.923076923077
0.5839224060931374	1368.9878542510123
0.5077003661740975	1371.0526315789475
0.6644004325811319	1377.246963562753
0.7641481571613827	1383.4412955465586
0.8883786869040985	1385.5060728744938
1.1135993581813242	1393.7651821862346
1.2401035305418573	1410.2834008097166
1.0782271924832918	1424.7368421052631
0.9476228275528848	1439.1902834008097
0.8063842859660724	1443.319838
0.7641481571613827	1447.4493927125504
0.6715878085868409	1451.5789473684213
0.5966242955331788	1457.7732793522268
0.5415578554908184	1466.0323886639676
0.5131925863036859	1470.161943319838
0.4510301846424747	1472.2267206477734
0.4094015972620127	1476.3562753036435
0.3838063444833705	1484.6153846153843
0.3598112734558099	1497.004048582996
0.3337063616686572	1497.004048582996
0.3196486666459639	1509.3927125506077
0.2964576193907456	1523.8461538461538
0.2901461568282064	1536.234817813765
0.2522720630833124	1546.5587044534414
0.2217146510477313	1556.8825910931173
0.2169944359878856	1571.336032388664
0.2056288809940832	1583.7246963562752
0.182676315	1600.2429149797572
0.2078533408421842	1604.3724696356276
0.2314653469577003	1606.4372469635628
0.2469012931061498	1612.6315789473683
0.2779234764924106	1614.6963562753035
0.29966465	1625.020243
0.3483822941813564	1633.279352226721
0.4094015972620127	1639.4736842105262
0.4863130097122757	1651.8623481781378
0.6364119381231071	1653.927125506073
0.5653748019198978	1655.9919028340082
0.7559701943404894	1660.1214574898786
1.0	1660.1214574898786
0.8883786869040985	1662.1862348178138
1.4110185078357504	1676.639676
1.6228574510321774	1678.7044534412958
2.1699443598788557	1680.769230769231
2.495722312073721	1682.8340080971657
1.948586216341488	1682.8340080971657
2.932849108	1684.8987854251009
3.061831652762862	1689.0283400809717
3.5981127345580988	1689.0283400809717
3.879582992020957	1689.0283400809717
4.759596028381914	1695.2226720647773
4.6084130933930005	1695.2226720647773
6.228629858982599	1697.2874493927125
7.478797526047073	1705.5465587044532
9.578740574425996	1709.6761133603236
8.509548973703572	1713.8056680161944
11.135993581813242	1717.9352226720648
9.578740574425996	1728.2591093117408
8.328384124974097	1730.323886639676
7.977543093729467	1732.3886639676111
6.861966573053275	1742.7125506072875
6.030784802926294	1744.7773279352227
7.163746131066384	1765.4251012145746
6.161970660848717	1769.5546558704457
5.357620684224857	1773.6842105263158
5.131925863036854	1775.748987854251
4.5103018464247455	1781.9433198380566
4.183071877492683	1792.2672064777323
4.050201549856091	1800.5263157894738
3.75635262966052	1810.8502024291497
3.4838229418135644	1825.3036437246965
3.2660188847993816	1827.368421052632
3.061831652762862	1833.5627530364368
2.6621568808633813	1850.0809716599188
2.365003434	1856.2753036437243
2.101018645357522	1864.5344129554653
2.289881898985551	1870.728744939271
2.522720630833123	1872.7935222672063
1.9909732294550249	1872.7935222672063
1.8866916812782677	1883.1174089068825
1.9909732294550249	1887.246963562753
2.101018645357522	1893.4412955465584
2.1699443598788557	1903.7651821862344
2.2653754353388886	1907.8947368421052
2.0785334084218423	1909.95951417004
2.289881898985551	1909.95951417004
2.365003434	1920.2834008097168
2.3905876573160803	1926.477732793522
2.4690129310614983	1938.8663967611333
2.3905876573160803	1947.1255060728745
2.289881898985551	1955.3846153846152
2.289881898985551	1959.5141700404856
2.146721475504683	1973.9676113360324
2.101018645357522	1980.161943319838
2.101018645357522	1986.3562753036435
2.146721475504683	1994.6153846153843
2.314653469577003	2002.874493927125
2.314653469577003	2011.1336032388665
2.1699443598788557	2015.2631578947369
2.289881898985551	2025.587044534413
2.0785334084218423	2025.587044534413
2.241131241445409	2033.8461538461536
2.1237471239356034	2035.910931174089
2.0785334084218423	2042.1052631578943
2.012511254591161	2042.1052631578943
1.8866916812782677	2044.1700404858295
2.012511254591161	2058.6234817813765
2.012511254591161	2066.8825910931173
1.731082464192877	2068.9473684210525
1.640413259445668	2077.206477732793
1.826763152870829	2089.595141700405
2.0562888099408347	2095.7894736842104
2.241131241445409	2099.919028340081
2.495722312073721	2101.983805668016
2.605480639842132	2106.1133603238864
2.932849108	2110.2429149797567
3.029063733105575	2118.502024291498
3.4096537633759847	2120.566801619433
3.716151901752412	2130.890688259109
3.879582992020957	2145.344129554656
3.2660188847993816	2151.538461538461
3.5981127345580988	2153.6032388663966
2.932849108	2155.668016194332
2.749491215371475	2161.8623481781374
2.577596618133126	2163.927125506073
2.6621568808633813	2180.4453441295545
2.522720630833123	2186.639676
2.690955661765156	2186.639676
2.3905876573160803	2188.7044534412958
2.241131241445409	2199.028340080972
2.550011013021339	2207.2874493927125
2.4164486464502777	2207.2874493927125
2.720065983202876	2213.481781376518
3.0949540504547066	2221.740890688259
3.838063444833701	2227.9352226720644
3.4838229418135644	2229.9999999999995
4.6084130933930005	2234.1295546558704
4.228323669887887	2236.1943319838056
5.474163404426361	2240.323886639676
6.502556166530117	2242.388663967611
7.641481571613828	2246.518218623481
9.27448321625868	2254.7773279352223
10.552721725608633	2254.7773279352223
12.137022289906506	2263.0364372469635
13.959176968365608	2263.0364372469635
16.054895260116545	2269.230769230769
18.26763152870828	2269.230769230769
23.146534695770026	2279.554655870445
20.125112545911627	2279.554655870445
26.33666306370656	2291.9433198380566
28.704099396033996	2294.008097165992
31.96486666459639	2296.0728744939265
35.98112734558099	2298.137651821862
41.38304372695793	2302.2672064777325
46.084130933930005	2310.5263157894733
39.21551690928451	2312.591093117409
34.838229418135626	2314.655870445344
30.618316527628604	2318.7854251012145
