nm	mua[cm-1]	musp[cm-1]
450.0	0.9255	10.05
452.0	0.9217	10.05
454.0	0.9192	10.0
456.0	0.9169	10.08
458.0	0.9182	9.985
460.0	0.9185	9.972
462.0	0.9207	9.9
464.0	0.9097	9.889
466.0	0.9105	9.862
468.0	0.9103	9.854
470.0	0.9108	9.884
472.0	0.9074	9.781
474.0	0.9082	9.784
476.0	0.9075	9.734
478.0	0.9129	9.779
480.0	0.9036	9.704
482.0	0.9081	9.726
484.0	0.9087	9.632
486.0	0.9003	9.672
488.0	0.9054	9.676
490.0	0.9028	9.648
492.0	0.9018	9.592
494.0	0.8959	9.565
496.0	0.8928	9.522
498.0	0.8948	9.509
500.0	0.8977	9.508
502.0	0.8926000000000001	9.477
504.0	0.8998	9.44
506.0	0.8977999999999999	9.449
508.0	0.9024	9.39
510.0	0.9137	9.411
512.0	0.9165	9.333
514.0	0.9233	9.327
516.0	0.9302	9.308
518.0	0.9316	9.28
520.0	0.9296	9.252
522.0	0.927	9.237
524.0	0.9213	9.214
526.0	0.9168	9.166
528.0	0.9076	9.143
530.0	0.8974	9.119
532.0	0.8927	9.082
534.0	0.8916999999999999	9.071
536.0	0.8871	9.068
538.0	0.8842	9.034
540.0	0.8881	9.008
542.0	0.8906000000000001	9.002
544.0	0.8978999999999999	8.985
546.0	0.902	8.954
548.0	0.9017	8.916
550.0	0.9107	8.885
552.0	0.921	8.929
554.0	0.9154	8.871
556.0	0.9107	8.863
558.0	0.9002	8.847000000000001
560.0	0.8916999999999999	8.819
562.0	0.8831	8.788
564.0	0.8701000000000001	8.812
566.0	0.8582	8.774999999999999
568.0	0.8452	8.743
570.0	0.8319	8.693
572.0	0.8240000000000001	8.702
574.0	0.8177	8.639
576.0	0.8190999999999999	8.606
578.0	0.8172999999999999	8.581
580.0	0.8203	8.552
582.0	0.8204	8.530999999999999
584.0	0.8192	8.485
586.0	0.8187	8.462
588.0	0.8192	8.407
590.0	0.8196000000000001	8.399
592.0	0.8216	8.394
594.0	0.8150000000000001	8.382
596.0	0.8097	8.362
598.0	0.8116	8.322000000000001
600.0	0.8043	8.299
602.0	0.8026	8.274000000000001
604.0	0.7972	8.251
606.0	0.7927	8.238999999999999
608.0	0.7944	8.217
610.0	0.7902	8.203
612.0	0.7907	8.17
614.0	0.7897	8.156
616.0	0.7896000000000001	8.137
618.0	0.7875	8.106
620.0	0.7927	8.075
622.0	0.7942	8.063
624.0	0.7951999999999999	8.015
626.0	0.7958	8.003
628.0	0.7951999999999999	7.972
630.0	0.7971	7.98
632.0	0.7968999999999999	7.931
634.0	0.7994999999999999	7.914
636.0	0.7971	7.907
638.0	0.7985	7.884
640.0	0.7971	7.845
642.0	0.7954	7.816999999999999
644.0	0.7928999999999999	7.805999999999999
646.0	0.7929999999999999	7.782
648.0	0.7908	7.772
650.0	0.7898	7.745999999999999
652.0	0.7867999999999999	7.725
654.0	0.7833	7.702
656.0	0.7839	7.681
658.0	0.7790999999999999	7.66
660.0	0.7797999999999999	7.640000000000001
662.0	0.7767999999999999	7.612
664.0	0.7763	7.592
666.0	0.7705	7.572999999999999
668.0	0.7711999999999999	7.538
670.0	0.7718	7.528
672.0	0.7691000000000001	7.508
674.0	0.7672	7.476000000000001
676.0	0.7668999999999999	7.462
678.0	0.7639	7.442
680.0	0.7654	7.427
682.0	0.7618999999999999	7.41
684.0	0.7606999999999999	7.39
686.0	0.7575999999999999	7.379
688.0	0.7581	7.34
690.0	0.7539	7.324000000000001
692.0	0.7539	7.307
694.0	0.7545000000000001	7.282999999999999
696.0	0.7528	7.271999999999999
698.0	0.7506999999999999	7.252999999999999
700.0	0.7479	7.21
702.0	0.7469000000000001	7.199999999999999
704.0	0.7451000000000001	7.182
706.0	0.7430000000000001	7.161
708.0	0.7404	7.142
710.0	0.7401000000000001	7.128
712.0	0.7363999999999999	7.104
714.0	0.7363999999999999	7.093
716.0	0.7323999999999999	7.073
718.0	0.7327	7.041
720.0	0.7317	7.027
722.0	0.7293	7.005
724.0	0.7259	6.984
726.0	0.7261	6.971
728.0	0.7233	6.9430000000000005
730.0	0.7221	6.928
732.0	0.7198	6.912000000000001
734.0	0.7188	6.894
736.0	0.7178	6.871
738.0	0.7162000000000001	6.851000000000001
740.0	0.7154	6.847
742.0	0.7147000000000001	6.8100000000000005
744.0	0.7139	6.801
746.0	0.7131	6.773
748.0	0.7113	6.768
750.0	0.7105	6.751
752.0	0.7086000000000001	6.7090000000000005
754.0	0.7073	6.688
756.0	0.708	6.67
758.0	0.7052999999999999	6.646
760.0	0.7030000000000001	6.624
762.0	0.7027	6.625
764.0	0.7009	6.582
766.0	0.6993	6.582
768.0	0.6913999999999999	6.548
770.0	0.6918000000000001	6.541
772.0	0.6880999999999999	6.526999999999999
774.0	0.6830999999999999	6.505
776.0	0.6815	6.488
778.0	0.6789000000000001	6.463
780.0	0.6796000000000001	6.447000000000001
782.0	0.6779000000000001	6.437
784.0	0.6722	6.408
786.0	0.6715	6.390000000000001
788.0	0.6669	6.378
790.0	0.6645	6.352
792.0	0.6648999999999999	6.337000000000001
794.0	0.6618	6.331
796.0	0.6608999999999999	6.303999999999999
798.0	0.6574000000000001	6.287000000000001
800.0	0.6562999999999999	6.277
802.0	0.6552	6.254
804.0	0.6525000000000001	6.238
806.0	0.651	6.221
808.0	0.6497999999999999	6.212999999999999
810.0	0.6483	6.182
812.0	0.6447	6.157
814.0	0.6447999999999999	6.147
816.0	0.6418999999999999	6.143999999999999
818.0	0.6396000000000001	6.125
820.0	0.6391	6.097
822.0	0.6386000000000001	6.088
824.0	0.6345000000000001	6.059
826.0	0.635	6.046
828.0	0.631	6.027
830.0	0.629	6.031
832.0	0.6252000000000001	6.009
834.0	0.6263000000000001	5.999
836.0	0.6207	5.9670000000000005
838.0	0.6216	5.959
840.0	0.6191	5.941999999999999
842.0	0.6152	5.913
844.0	0.6141	5.917
846.0	0.6111	5.882
848.0	0.6098	5.878
850.0	0.6082	5.847
852.0	0.603	5.835
854.0	0.6008	5.814
856.0	0.5991	5.793
858.0	0.5969	5.795
860.0	0.5924	5.769
862.0	0.5928	5.766
864.0	0.5903	5.735
866.0	0.5906	5.728999999999999
868.0	0.5861999999999999	5.707
870.0	0.5899	5.709
872.0	0.5861000000000001	5.68
874.0	0.5883	5.676
876.0	0.5809	5.634
878.0	0.5827	5.636
880.0	0.5806	5.611000000000001
882.0	0.5802	5.620000000000001
884.0	0.5772999999999999	5.582000000000001
886.0	0.5777	5.576
888.0	0.5757	5.547
890.0	0.5732	5.531000000000001
892.0	0.5758	5.540000000000001
894.0	0.5750000000000001	5.507
896.0	0.574	5.488
898.0	0.5763	5.484999999999999
900.0	0.5789	5.484
902.0	0.5835	5.456
904.0	0.5855	5.449000000000001
906.0	0.5897	5.417
908.0	0.5972999999999999	5.4030000000000005
910.0	0.6071	5.396999999999999
912.0	0.611	5.395
914.0	0.6182	5.37
916.0	0.6192	5.356
918.0	0.6194000000000001	5.343999999999999
920.0	0.6201	5.339
922.0	0.6189	5.316
924.0	0.6241	5.298
926.0	0.6263000000000001	5.300000000000001
928.0	0.6264000000000001	5.263999999999999
930.0	0.6253	5.268000000000001
932.0	0.6201	5.246
934.0	0.6121	5.233
936.0	0.601	5.213
938.0	0.5874999999999999	5.197000000000001
940.0	0.5751	5.199
942.0	0.5578000000000001	5.181
944.0	0.5451	5.166
946.0	0.5367000000000001	5.143
948.0	0.5258	5.114
950.0	0.5201	5.1080000000000005
952.0	0.5134	5.101
954.0	0.5065999999999999	5.084999999999999
956.0	0.5004	5.082
958.0	0.4965	5.069
960.0	0.4908	5.055
962.0	0.4852999999999999	5.034
964.0	0.4819	5.026000000000001
966.0	0.4786	5.01
968.0	0.4763	4.991
970.0	0.4719	4.976999999999999
972.0	0.4713	4.966
974.0	0.4657	4.958
976.0	0.4623	4.942
978.0	0.4603	4.926
980.0	0.4577	4.91
982.0	0.4587	4.9030000000000005
984.0	0.456	4.885
986.0	0.4541	4.874
988.0	0.453	4.857
990.0	0.4527	4.846
992.0	0.4503999999999999	4.838
994.0	0.4513	4.834
996.0	0.4496	4.816
998.0	0.4525	4.803
1000.0	0.4505	4.794
1002.0	0.4522	4.774
1004.0	0.4549999999999999	4.766
1006.0	0.4522	4.749
1008.0	0.4548	4.7410000000000005
1010.0	0.4566	4.734999999999999
1012.0	0.4573	4.714
1014.0	0.461	4.706
1016.0	0.4619	4.693
1018.0	0.4628	4.681
1020.0	0.4652	4.668
1022.0	0.4614999999999999	4.654
1024.0	0.4632	4.638
1026.0	0.4605	4.623
1028.0	0.4586	4.611
1030.0	0.4623	4.598
1032.0	0.4586	4.584
1034.0	0.4578	4.57
1036.0	0.4589	4.548
1038.0	0.453	4.548
1040.0	0.4579	4.53
1042.0	0.4555	4.521
1044.0	0.4519999999999999	4.513
1046.0	0.4532	4.501
1048.0	0.4452	4.492
1050.0	0.4444	4.481
1052.0	0.4415	4.464
1054.0	0.4338999999999999	4.467
1056.0	0.4361	4.448
1058.0	0.4299	4.434
1060.0	0.4256999999999999	4.423
1062.0	0.4266	4.42
1064.0	0.4173	4.407
1066.0	0.4179	4.398000000000001
1068.0	0.4141	4.379
1070.0	0.4074	4.37
1072.0	0.411	4.356999999999999
1074.0	0.4043	4.351
1076.0	0.4013	4.339
1078.0	0.4028	4.324
1080.0	0.3923	4.3180000000000005
1082.0	0.3966999999999999	4.299
1084.0	0.3921	4.288
1086.0	0.3853	4.285
1088.0	0.3902	4.272
1090.0	0.3814	4.257000000000001
1092.0	0.3792999999999999	4.249
1094.0	0.3787999999999999	4.239
1096.0	0.372	4.2330000000000005
1098.0	0.376	4.215
1100.0	0.3727	4.206
1102.0	0.3679	4.201
1104.0	0.374	4.189
1106.0	0.3679	4.173
1108.0	0.369	4.168
1110.0	0.3691	4.158
1112.0	0.3628	4.141
1114.0	0.3686	4.126
1116.0	0.3671	4.114
1118.0	0.3647	4.108
1120.0	0.3696	4.0920000000000005
1122.0	0.3661	4.077
1124.0	0.3714	4.068
1126.0	0.3741	4.057
1128.0	0.3736	4.051
1130.0	0.3827	4.037
1132.0	0.3891	4.024
1134.0	0.3999	4.019
1136.0	0.416	4.002
1138.0	0.429	4.001
1140.0	0.4521	3.987
1142.0	0.4721999999999999	3.983
1144.0	0.4936	3.973
1146.0	0.5154000000000001	3.963
1148.0	0.5356000000000001	3.955
1150.0	0.5636	3.941
1152.0	0.5837	3.934
1154.0	0.5904	3.925
1156.0	0.5962	3.917
1158.0	0.6011	3.906
1160.0	0.6126	3.902
1162.0	0.6373	3.886
1164.0	0.6672	3.88
1166.0	0.6998	3.87
1168.0	0.7245	3.865
1170.0	0.744	3.859
1172.0	0.7655000000000001	3.846
1174.0	0.7932	3.838
1176.0	0.8315	3.834
1178.0	0.8694000000000001	3.822
1180.0	0.919	3.818
1182.0	0.9741	3.813
1184.0	1.053	3.814
1186.0	1.167	3.809
1188.0	1.2759999999999998	3.819
1190.0	1.3769999999999998	3.814
1192.0	1.457	3.81
1194.0	1.5	3.802
1196.0	1.527	3.793
1198.0	1.53	3.78
1200.0	1.533	3.768
1202.0	1.562	3.766
1204.0	1.59	3.766
1206.0	1.645	3.76
1208.0	1.709	3.756
1210.0	1.745	3.754
1212.0	1.778	3.754
1214.0	1.781	3.739
1216.0	1.7399999999999998	3.731
1218.0	1.705	3.716
1220.0	1.598	3.696
1222.0	1.492	3.677000000000001
1224.0	1.388	3.654
1226.0	1.251	3.637000000000001
1228.0	1.156	3.62
1230.0	1.064	3.599
1232.0	0.9763	3.586
1234.0	0.9168	3.569
1236.0	0.8449	3.5620000000000003
1238.0	0.7884	3.553
1240.0	0.7525	3.532
1242.0	0.6974	3.531
1244.0	0.669	3.516
1246.0	0.6352	3.502
1248.0	0.5977	3.497
1250.0	0.5863	3.472
1252.0	0.5535	3.469
1254.0	0.5337000000000001	3.462
1256.0	0.5235	3.445
1258.0	0.4927	3.449
1260.0	0.4812	3.432
1262.0	0.4671999999999999	3.424
1264.0	0.4438999999999999	3.417
1266.0	0.4403	3.405
1268.0	0.423	3.397
1270.0	0.4094	3.389
1272.0	0.4055	3.382
1274.0	0.3869	3.373
1276.0	0.3832	3.361
1278.0	0.3765	3.354
1280.0	0.3625	3.344
1282.0	0.3631999999999999	3.3389999999999995
1284.0	0.3543	3.327
1286.0	0.346	3.324
1288.0	0.347	3.318
1290.0	0.3359	3.31
1292.0	0.333	3.295
1294.0	0.3318	3.285
1296.0	0.3194	3.282
1298.0	0.3207	3.2750000000000004
1300.0	0.3177	3.272
1302.0	0.3122	3.268
1304.0	0.3137999999999999	3.251
1306.0	0.3044	3.241
1308.0	0.3005	3.2350000000000003
1310.0	0.3006999999999999	3.226
1312.0	0.2922	3.218
1314.0	0.2915999999999999	3.2140000000000004
1316.0	0.2878	3.208
1318.0	0.2825	3.192
1320.0	0.2825	3.182
1322.0	0.2779	3.176
1324.0	0.2764	3.171
1326.0	0.2769999999999999	3.164
1328.0	0.2716	3.156
1330.0	0.2721	3.148
1332.0	0.2719	3.137
1334.0	0.2675	3.133
1336.0	0.2693	3.12
1338.0	0.2684999999999999	3.115
1340.0	0.2675	3.108
1342.0	0.2708	3.1
1344.0	0.2686	3.091
1346.0	0.2725	3.087
1348.0	0.2792	3.079
1350.0	0.2809	3.065
1352.0	0.2954	3.0620000000000003
1354.0	0.3134	3.055
1356.0	0.3379	3.044
1358.0	0.3791	3.034
1360.0	0.4204	3.035
1362.0	0.4541	3.031
1364.0	0.4827	3.015
1366.0	0.495	3.016
1368.0	0.5196	3.01
1370.0	0.5559999999999999	2.998
1372.0	0.5968	3.001
1374.0	0.6429	2.999
1376.0	0.6936	3.003
1378.0	0.745	3.006
1380.0	0.804	2.995
1382.0	0.8573	2.983
1384.0	0.9062	2.9720000000000004
1386.0	0.9618	2.99
1388.0	1.0539999999999998	2.971
1390.0	1.131	2.976
1392.0	1.2	2.98
1394.0	1.224	2.974
1396.0	1.187	2.958
1398.0	1.096	2.93
1400.0	1.014	2.909
1402.0	0.952	2.897
1404.0	0.9355	2.887
1406.0	0.9414	2.873
1408.0	0.9624	2.863
1410.0	1.007	2.861
1412.0	1.053	2.859
1414.0	1.082	2.859
1416.0	1.082	2.8549999999999995
1418.0	1.056	2.8120000000000003
1420.0	0.9935	2.806
1422.0	0.9537	2.79
1424.0	0.9214	2.785
1426.0	0.9016	2.762
1428.0	0.8860999999999999	2.76
1430.0	0.8824	2.75
1432.0	0.8906000000000001	2.733
1434.0	0.8788	2.744
1436.0	0.8673	2.734
1438.0	0.8441	2.719
1440.0	0.8248	2.702
1442.0	0.7931	2.6950000000000003
1444.0	0.7585999999999999	2.699
1446.0	0.7405	2.6790000000000003
1448.0	0.7118	2.6790000000000003
1450.0	0.6891999999999999	2.658
1452.0	0.6587999999999999	2.638
1454.0	0.6313000000000001	2.656
1456.0	0.6105	2.64
1458.0	0.5837	2.6340000000000003
1460.0	0.5656	2.611
1462.0	0.5502	2.6100000000000003
1464.0	0.5378999999999999	2.603
1466.0	0.5191	2.602
1468.0	0.5103	2.593
1470.0	0.5018	2.583
1472.0	0.4891999999999999	2.569
1474.0	0.4712	2.569
1476.0	0.4605999999999999	2.566
1478.0	0.4438	2.561
1480.0	0.4347999999999999	2.5540000000000003
1482.0	0.4179	2.547
1484.0	0.4119	2.542
1486.0	0.4048	2.54
1488.0	0.3928	2.5340000000000003
1490.0	0.3886	2.532
1492.0	0.3796	2.5330000000000004
1494.0	0.3737999999999999	2.525
1496.0	0.3653	2.516
1498.0	0.3633	2.511
1500.0	0.3524	2.51
1502.0	0.3456999999999999	2.5
1504.0	0.3339999999999999	2.502
1506.0	0.3259	2.499
1508.0	0.3181	2.496
1510.0	0.3125	2.496
1512.0	0.3023	2.477
1514.0	0.2955	2.476
1516.0	0.2946	2.4690000000000003
1518.0	0.2924	2.462
1520.0	0.2875	2.463
1522.0	0.283	2.456
1524.0	0.2830999999999999	2.453
1526.0	0.2789	2.436
1528.0	0.2728	2.439
1530.0	0.2703	2.436
1532.0	0.2686	2.437
1534.0	0.2628	2.433
1536.0	0.2597	2.4290000000000003
1538.0	0.2562	2.423
1540.0	0.2496999999999999	2.426
1542.0	0.2430999999999999	2.418
1544.0	0.2327999999999999	2.412
1546.0	0.2224	2.413
1548.0	0.2179	2.405
1550.0	0.2101	2.399
1552.0	0.2029	2.392
1554.0	0.2038999999999999	2.39
1556.0	0.1994999999999999	2.386
1558.0	0.1927999999999999	2.384
1560.0	0.1944	2.385
1562.0	0.1915	2.377
1564.0	0.1883	2.377
1566.0	0.186	2.355
1568.0	0.1898	2.352
1570.0	0.1861	2.349
1572.0	0.1838	2.354
1574.0	0.1858	2.358
1576.0	0.1837	2.339
1578.0	0.1841999999999999	2.343
1580.0	0.1837	2.337
1582.0	0.189	2.33
1584.0	0.1914	2.333
1586.0	0.1909	2.3280000000000003
1588.0	0.1941999999999999	2.325
1590.0	0.1936999999999999	2.3280000000000003
1592.0	0.1941999999999999	2.318
1594.0	0.1968	2.324
1596.0	0.2008	2.319
1598.0	0.2038999999999999	2.317
