nm	mua[cm-1]
450.0	156.1
452.0	163.79999999999998
454.0	134.3
456.0	116.3
458.0	97.72999999999999
460.0	85.33000000000001
462.0	75.92
464.0	72.66
466.0	70.22
468.0	66.42000000000002
470.0	62.91
472.0	60.24
474.0	63.86999999999999
476.0	60.51
478.0	60.949999999999996
480.0	60.35
482.0	61.519999999999996
484.0	61.96
486.0	63.6
488.0	64.33
490.0	65.53999999999999
492.0	67.30999999999999
494.0	70.63
496.0	72.30000000000001
498.0	72.53
500.0	75.92999999999999
502.0	81.54
504.0	81.01
506.0	88.11
508.0	86.3
510.0	92.36999999999999
512.0	95.38
514.0	100.6
516.0	103.64999999999999
518.0	105.69999999999999
520.0	111.9
522.0	112.6
524.0	117.49999999999999
526.0	122.6
528.0	128.55
530.0	132.6
532.0	138.0
534.0	145.15
536.0	153.79999999999998
538.0	163.2
540.0	170.4
542.0	157.65
544.0	191.0
546.0	193.9
548.0	197.8
550.0	175.2
552.0	206.55
554.0	153.5
556.0	211.10000000000002
558.0	204.15
560.0	174.25
562.0	197.4
564.0	200.59999999999997
566.0	195.1
568.0	161.20000000000002
570.0	132.9
572.0	171.0
574.0	166.0
576.0	158.5
578.0	115.6
580.0	146.0
582.0	142.05
584.0	136.85
586.0	98.14
588.0	121.0
590.0	113.79999999999998
592.0	103.1
594.0	96.08
596.0	85.35
598.0	74.495
600.0	68.34
600.0	46.89
602.0	45.96
604.0	43.85
606.0	41.415000000000006
608.0	39.28
610.0	33.42
612.0	31.0
614.0	28.475
616.0	28.935
618.0	27.44
620.0	25.81
622.0	24.02
624.0	23.730000000000004
626.0	22.770000000000003
628.0	21.98
630.0	21.27
632.0	20.55
634.0	19.975
636.0	18.340000000000003
638.0	19.1
640.0	18.54
642.0	18.18
644.0	17.82
646.0	17.450000000000003
648.0	17.18
650.0	17.08
652.0	16.814999999999998
654.0	16.48
656.0	16.259999999999998
658.0	15.99
660.0	15.73
662.0	14.81
664.0	14.985
666.0	14.66
668.0	14.17
670.0	13.68
672.0	13.22
674.0	12.76
676.0	12.24
678.0	11.84
680.0	11.36
682.0	10.97
684.0	10.51
686.0	10.14
688.0	9.732
690.0	9.386
692.0	9.043
694.0	8.743
696.0	8.476
698.0	8.202
700.0	7.957
702.0	7.737
704.0	7.564999999999999
706.0	7.348
708.0	7.168
710.0	6.961
712.0	6.785
714.0	6.61
716.0	6.437
718.0	6.277
720.0	6.122999999999999
722.0	5.968999999999999
724.0	5.839
726.0	5.739999999999999
728.0	5.644
730.0	5.587
732.0	5.575
734.0	5.58
736.0	5.635
738.0	5.703
740.0	5.818
742.0	5.955
744.0	6.14
746.0	6.331
748.0	6.578
750.0	6.776
752.0	7.032
754.0	7.201
756.0	7.329
758.0	7.354000000000001
760.0	7.278
762.0	7.173
764.0	6.945
766.0	6.66
768.0	6.359
770.0	6.034000000000001
772.0	5.713
774.0	5.383
776.0	5.111
778.0	4.863
780.0	4.627
782.0	4.434
784.0	4.265
786.0	4.123
788.0	4.006
790.0	3.891
792.0	3.786
794.0	3.707
796.0	3.642
798.0	3.573
800.0	3.515
802.0	3.4810000000000003
804.0	3.4250000000000003
806.0	3.39
808.0	3.356
810.0	3.326
812.0	3.317
814.0	3.286
816.0	3.286
818.0	3.273
820.0	3.252
822.0	3.245
824.0	3.236
826.0	3.2350000000000003
828.0	3.229
830.0	3.231
832.0	3.2379999999999995
834.0	3.234
836.0	3.233
838.0	3.23
840.0	3.244
842.0	3.2350000000000003
844.0	3.2350000000000003
846.0	3.234
848.0	3.2379999999999995
850.0	3.247
852.0	3.252
854.0	3.26
856.0	3.276
858.0	3.281
860.0	3.297
862.0	3.3150000000000004
864.0	3.333
866.0	3.347
868.0	3.369
870.0	3.379
872.0	3.404
874.0	3.427
876.0	3.4560000000000004
878.0	3.478
880.0	3.494
882.0	3.5210000000000004
884.0	3.556
886.0	3.576
888.0	3.59
890.0	3.627
892.0	3.635
894.0	3.654
896.0	3.67
898.0	3.683
900.0	3.697
902.0	3.711
904.0	3.719
906.0	3.709
908.0	3.718
910.0	3.722
912.0	3.716
914.0	3.701
916.0	3.694
918.0	3.66
920.0	3.637000000000001
922.0	3.615
924.0	3.588
926.0	3.563
928.0	3.519
930.0	3.485
932.0	3.432
934.0	3.4000000000000004
936.0	3.356
938.0	3.291
940.0	3.236
942.0	3.177
944.0	3.135
946.0	3.068
948.0	3.0170000000000003
950.0	2.9559999999999995
952.0	2.895
954.0	2.8520000000000003
956.0	2.803
958.0	2.743
960.0	2.6750000000000003
962.0	2.623
964.0	2.547
966.0	2.474
968.0	2.4
970.0	2.323
972.0	2.256
974.0	2.177
976.0	2.108
978.0	2.036
980.0	1.966
982.0	1.896
984.0	1.819
986.0	1.75
988.0	1.691
990.0	1.608
992.0	1.5490000000000002
994.0	1.493
996.0	1.427
998.0	1.376
1000.0	1.312
1002.0	1.255
1004.0	1.205
1006.0	1.146
1008.0	1.102
1010.0	1.056
1012.0	1.002
1014.0	0.9738
1016.0	0.9222
1018.0	0.8803
1020.0	0.8534999999999999
1022.0	0.805
1024.0	0.7771
1026.0	0.7443
1028.0	0.7083
1030.0	0.6891
1032.0	0.6492
1034.0	0.6289
1036.0	0.6046
1038.0	0.5658
1040.0	0.5547
1042.0	0.5324
1044.0	0.5098
1046.0	0.5007
1048.0	0.4723
1050.0	0.4584
1052.0	0.4474
1054.0	0.4238
1056.0	0.4216
1058.0	0.4029
1060.0	0.392
1062.0	0.3842
1064.0	0.3692
1066.0	0.3661
1068.0	0.3538
1070.0	0.3408
1072.0	0.3442
1074.0	0.3361
1076.0	0.3293999999999999
1078.0	0.3334999999999999
1080.0	0.3203
1082.0	0.3242
1084.0	0.3209
1086.0	0.316
1088.0	0.3202
1090.0	0.3146
1092.0	0.3167999999999999
1094.0	0.3239999999999999
1096.0	0.3185
1098.0	0.3288
1100.0	0.3266
1102.0	0.3252
1104.0	0.337
1106.0	0.3319
1108.0	0.3400999999999999
1110.0	0.3534
1112.0	0.3481999999999999
1114.0	0.3594
1116.0	0.3598
1118.0	0.3644
1120.0	0.3753
1122.0	0.3769
1124.0	0.3905
1126.0	0.4075999999999999
1128.0	0.416
1130.0	0.4507
1132.0	0.4775
1134.0	0.5103
1136.0	0.5633
1138.0	0.6138
1140.0	0.6826
1142.0	0.7550999999999999
1144.0	0.8194999999999999
1146.0	0.8955000000000001
1148.0	0.9612
1150.0	1.026
1152.0	1.084
1154.0	1.134
1156.0	1.174
1158.0	1.2
1160.0	1.224
1162.0	1.252
1164.0	1.268
1166.0	1.283
1168.0	1.301
1170.0	1.312
1172.0	1.322
1174.0	1.332
1176.0	1.343
1178.0	1.3370000000000002
1180.0	1.354
1182.0	1.37
1184.0	1.368
1186.0	1.381
1188.0	1.389
1190.0	1.3969999999999998
1192.0	1.401
1194.0	1.394
1196.0	1.398
1198.0	1.391
1200.0	1.383
1202.0	1.392
1204.0	1.373
1206.0	1.364
1208.0	1.3569999999999998
1210.0	1.342
1212.0	1.3370000000000002
1214.0	1.332
1216.0	1.31
1218.0	1.3170000000000002
1220.0	1.2959999999999998
1222.0	1.286
1224.0	1.291
1226.0	1.266
1228.0	1.266
1230.0	1.2559999999999998
1232.0	1.239
1234.0	1.251
1236.0	1.226
1238.0	1.219
1240.0	1.228
1242.0	1.191
1244.0	1.199
1246.0	1.196
1248.0	1.169
1250.0	1.181
1252.0	1.163
1254.0	1.154
1256.0	1.158
1258.0	1.134
1260.0	1.144
1262.0	1.142
1264.0	1.128
1266.0	1.146
1268.0	1.133
1270.0	1.131
1272.0	1.148
1274.0	1.135
1276.0	1.154
1278.0	1.164
1280.0	1.156
1282.0	1.177
1284.0	1.186
1286.0	1.191
1288.0	1.227
1290.0	1.223
1292.0	1.241
1294.0	1.267
1296.0	1.27
1298.0	1.3050000000000002
1300.0	1.33
1302.0	1.353
1304.0	1.402
1306.0	1.42
1308.0	1.461
1310.0	1.524
1312.0	1.545
1314.0	1.61
1316.0	1.663
1318.0	1.712
1320.0	1.786
1322.0	1.846
1324.0	1.911
1326.0	1.999
1328.0	2.068
1330.0	2.1590000000000003
1332.0	2.24
1334.0	2.316
1336.0	2.415
1338.0	2.499
1340.0	2.596
1342.0	2.708
1344.0	2.7700000000000005
1346.0	2.867
1348.0	2.9770000000000003
1350.0	3.046
1352.0	3.144
1354.0	3.227
1356.0	3.303
1358.0	3.373
1360.0	3.47
1362.0	3.579
1364.0	3.673
1366.0	3.772
1368.0	3.896
1370.0	4.044
1372.0	4.248
1374.0	4.478
1376.0	4.732
1378.0	5.017
1380.0	5.376
1382.0	5.782
1384.0	6.343
1386.0	7.029999999999999
1388.0	7.723
1390.0	8.652999999999999
1392.0	9.547
1394.0	10.66
1396.0	11.65
1398.0	12.98
1400.0	14.32
1402.0	15.12
1404.0	16.57
1406.0	17.0
1408.0	18.26
1410.0	18.89
1412.0	19.99
1414.0	20.43
1416.0	21.42
1418.0	21.575
1420.0	21.47
1422.0	22.41
1424.0	22.395
1426.0	22.27
1428.0	22.75
1430.0	22.75
1432.0	22.35
1434.0	22.685
1436.0	23.105
1438.0	23.4
1440.0	23.46
1442.0	23.99
1444.0	23.35
1446.0	23.0
1448.0	23.380000000000003
1450.0	23.89
1452.0	23.04
1454.0	24.64
1456.0	23.615
1458.0	22.89
1460.0	23.880000000000003
1462.0	24.04
1464.0	23.410000000000004
1466.0	23.135
1468.0	24.245
1470.0	23.33
1472.0	22.325000000000003
1474.0	22.360000000000003
1476.0	22.16
1478.0	21.67
1480.0	21.880000000000003
1482.0	21.840000000000003
1484.0	21.03
1486.0	22.195
1488.0	21.22
1490.0	20.49
1492.0	20.22
1494.0	19.72
1496.0	19.5
1498.0	20.755
1500.0	19.33
1502.0	18.56
1504.0	19.1
1506.0	18.36
1508.0	17.73
1510.0	17.310000000000002
1512.0	17.509999999999998
1514.0	16.84
1516.0	16.95
1518.0	16.51
1520.0	16.0
1522.0	15.67
1524.0	15.27
1526.0	14.82
1528.0	14.76
1530.0	14.8
1532.0	13.9
1534.0	14.035
1536.0	13.66
1538.0	13.13
1540.0	12.82
1542.0	13.11
1544.0	12.65
1546.0	12.07
1548.0	12.330000000000002
1550.0	11.81
1552.0	11.46
1554.0	11.56
1556.0	11.23
1558.0	10.920000000000002
1560.0	11.05
1562.0	10.68
1564.0	10.36
1566.0	10.11
1568.0	10.169999999999998
1570.0	9.827
1572.0	9.685
1574.0	9.626
1576.0	9.227
1578.0	9.154
1580.0	9.0
1582.0	8.77
1584.0	8.834
1586.0	8.497
1588.0	8.535
1590.0	8.204
1592.0	8.292
1594.0	7.971
1596.0	7.835999999999999
1598.0	7.881
