nm	musp[cm-1]
450.0	54.53903114417688
451.0008703220191	54.2639202342358
452.0017406440383	53.99158715989919
453.00261096605743	53.72199610847607
454.0034812880766	53.45511181308093
455.00435161009574	53.19089954310015
456.00522193211486	52.92932509484528
457.00609225413405	52.670354782389914
458.00696257615317	52.41395542858554
459.0078328981723	52.16009435625295
460.0087032201915	51.90873937954505
461.0095735422106	51.65985879547764
462.0104438642298	51.4134213756243
463.0113141862489	51.16939635797214
464.01218450826804	50.92775343893454
465.0130548302872	50.68846276551802
466.01392515230634	50.4514949276396
467.0147954743255	50.216820950591426
468.01566579634465	49.98441228764984
469.0165361183638	49.754240812825365
470.01740644038296	49.526278813751084
471.0182767624021	49.30049898470625
472.0191470844212	49.07687441977209
473.0200174064404	48.85537860611745
474.0208877284595	48.63598541741128
475.0217580504787	48.4186691073592
476.0226283724978	48.2034043033619
477.02349869451695	47.99016600029244
478.0243690165361	47.778929554390274
479.02523933855525	47.569670677269364
480.02610966057443	47.36236543003822
481.02697998259356	47.15699021752925
482.0278503046127	46.953521782635534
483.02872062663187	46.75193720075245
484.029590948651	46.55221387432229
485.0304612706701	46.35432952747948
486.0313315926893	46.158262200794574
487.0322019147084	45.963990246114925
488.0330722367276	45.77149232149993
489.03394255874673	45.58074738624916
490.0348128807659	45.39173469602119
491.03568320278504	45.20443379804168
492.03655352480416	45.01882452639847
493.03742384682334	44.83488699742225
494.03829416884247	44.65260160515099
495.0391644908616	44.47194901687627
496.0400348128808	44.292910168770184
497.0409051348999	44.11546626159098
498.041775456919	43.939598756465834
499.0426457789382	43.765289370749414
500.04351610095733	43.59252007395662
501.0443864229765	43.421273083767815
502.04525674499564	43.25153086210561
503.0461270670148	43.08327611128121
504.04699738903395	42.91649177020939
505.0478677110531	42.751161010690524
506.04873803307225	42.58726723375838
507.0496083550914	42.42479406609249
508.0504786771105	42.263725356493595
509.0513489991297	42.10404517242124
510.0522193211488	41.94573779659209
511.053089643168	41.78878772363784
512.0539599651871	41.63317965682151
513.0548302872063	41.47889850481115
514.0557006092254	41.3259293785097
515.0565709312446	41.174257587939806
516.0574412532637	41.023868639183014
517.0583115752829	40.87474823137156
518.059181897302	40.72688225373251
519.0600522193212	40.5802567826825
520.0609225413402	40.434858078972944
521.0617928633594	40.29067258488386
522.0626631853786	40.147686921466025
523.0635335073978	40.0058878858304
524.0644038294168	39.86526244848365
525.065274151436	39.7257977507092
526.0661444734552	39.58748110199287
527.0670147954743	39.45029997749228
528.0678851174935	39.314242015548864
529.0687554395126	39.17929501524247
530.0696257615318	39.045446933986696
531.0704960835509	38.91268588516528
532.0713664055701	38.78100013580779
533.0722367275891	38.65037810430465
534.0731070496083	38.520808358160366
535.0739773716275	38.39227961178425
536.0748476936467	38.2647807243182
537.0757180156658	38.13830069750048
538.0765883376849	38.01282867356519
539.0774586597041	37.88835393317649
540.0783289817232	37.76486589339718
541.0791993037424	37.642354105690714
542.0800696257616	37.52080825395636
543.0809399477807	37.400218152596665
544.0818102697998	37.28057374461663
545.082680591819	37.16186509975424
546.083550913838	37.04408241264148
547.0844212358572	36.927216000995585
548.0852915578764	36.81125630383961
549.0861618798956	36.69619387975227
550.0870322019147	36.58201940514594
551.0879025239338	36.46872367257286
552.088772845953	36.356297589058656
553.0896431679721	36.244732174462904
554.0905134899913	36.13401855986604
555.0913838120105	36.02414798598242
556.0922541340296	35.915111801598826
557.0931244560487	35.806901462038006
558.0939947780679	35.69950852764693
559.0948651000871	35.59292466230919
560.0957354221061	35.487141631981245
561.0966057441253	35.382151303251725
562.0974760661445	35.277945641924106
563.0983463881636	35.174516711621486
564.0992167101828	35.071856672413716
565.1000870322019	34.96995777946617
566.100957354221	34.86881238170993
567.1018276762402	34.76841292053289
568.1026979982594	34.668751928491446
569.1035683202786	34.56982202804256
570.1044386422976	34.47161593029551
571.1053089643168	34.37412643378341
572.106179286336	34.27734642325372
573.107049608355	34.181268868477865
574.1079199303742	34.08588682307908
575.1087902523934	33.991193423378895
576.1096605744125	33.897181887261105
577.1105308964317	33.803845513053616
578.1114012184509	33.71117767842751
579.1122715404699	33.61917183931308
580.1131418624891	33.52782152883259
581.1140121845083	33.437120356249466
582.1148825065275	33.347062005933644
583.1157528285465	33.25764023634274
584.1166231505657	33.16884887901881
585.1174934725848	33.08068183760051
586.118363794604	32.99313308685025
587.1192341166231	32.906196671696165
588.1201044386423	32.81986670628874
589.1209747606615	32.73413737307164
590.1218450826806	32.64900292186659
591.1227154046998	32.564457668972295
592.1235857267188	32.48049599627673
593.124456048738	32.39711235038292
594.1253263707572	32.31430124174788
595.1261966927764	32.232057243834475
596.1270670147954	32.15037499227595
597.1279373368146	32.06924918405301
598.1288076588337	31.98867457668319
599.1296779808529	31.90864598742236
600.1305483028721	31.829158292477995
601.1314186248912	31.750206426234282
602.1322889469104	31.67178538048864
603.1331592689295	31.593890203699594
604.1340295909487	31.51651600024573
605.1348999129677	31.439657929695656
606.1357702349869	31.36331120608868
607.1366405570061	31.28747109722606
608.1375108790253	31.212132923972746
609.1383812010444	31.137292059569237
610.1392515230635	31.062943928953647
611.1401218450827	30.989084008093602
612.1409921671018	30.91570782332789
613.141862489121	30.842810950717762
614.1427328111401	30.770389015407567
615.1436031331593	30.698437690994805
616.1444734551784	30.626952698909193
617.1453437771976	30.555929807800773
618.1462140992166	30.485364832936856
619.1470844212358	30.41525363560771
620.147954743255	30.345592122540666
621.1488250652742	30.276376245322847
622.1496953872933	30.207601999832058
623.1505657093124	30.13926542567578
624.1514360313316	30.071362605638384
625.1523063533507	30.003889665136057
626.1531766753699	29.93684277167959
627.1540469973891	29.870218134344785
628.1549173194082	29.804012003250445
629.1557876414273	29.738220669043667
630.1566579634465	29.67284046239254
631.1575282854656	29.607867753485955
632.1583986074847	29.543298951540496
633.1592689295039	29.47913050431431
634.1601392515231	29.415358897627723
635.1610095735422	29.351980654890788
636.1618798955614	29.288992336637197
637.1627502175805	29.226390540065
638.1636205395996	29.16417189858354
639.1644908616188	29.10233308136682
640.165361183638	29.040870792913047
641.1662315056572	28.979781772610384
642.1671018276762	28.919062794308623
643.1679721496954	28.8587106658969
644.1688424717145	28.798722228887232
645.1697127937337	28.739094358003772
646.1705831157528	28.67982396077782
647.171453437772	28.620907977148335
648.1723237597911	28.562343379068004
649.1731940818103	28.504127170114696
650.1740644038294	28.44625638510828
651.1749347258485	28.38872808973264
652.1758050478677	28.33153938016293
653.1766753698869	28.274687382697856
654.1775456919061	28.218169253397022
655.1784160139251	28.161982177723193
656.1792863359443	28.106123370189394
657.1801566579634	28.0505900740109
658.1810269799826	27.99537956076177
659.1818973020017	27.940489130036248
660.1827676240209	27.885916109114532
661.18363794604	27.831657852633196
662.1845082680592	27.77771174225994
663.1853785900784	27.724075186372847
664.1862489120974	27.670745619743833
665.1871192341166	27.617720503226383
666.1879895561358	27.564997323447457
667.188859878155	27.512573592503557
668.189730200174	27.460446847660776
669.1906005221932	27.4086146510589
670.1914708442123	27.357074589419472
671.1923411662315	27.305824273757594
672.1932114882507	27.25486133909777
673.1940818102698	27.204183444193312
674.1949521322889	27.153788271249578
675.1958224543081	27.10367352565079
676.1966927763273	27.053836935690544
677.1975630983463	27.004276252305758
678.1984334203655	26.954989248814208
679.1993037423847	26.90597372065546
680.2001740644039	26.857227485135198
681.201044386423	26.80874838117295
682.2019147084421	26.760534269052997
683.2027850304612	26.712583030178692
684.2036553524804	26.66489256682981
685.2045256744996	26.6174608019232
686.2053959965187	26.570285678776433
687.2062663185378	26.523365160874604
688.207136640557	26.47669723164006
689.2080069625762	26.430279894205214
690.2088772845952	26.3841111711882
691.2097476066144	26.33818910447144
692.2106179286336	26.292511754983146
693.2114882506528	26.247077202481467
694.2123585726719	26.201883545341587
695.213228894691	26.156928900345385
696.2140992167101	26.112211402473932
697.2149695387293	26.06772920470252
698.2158398607485	26.023480477798397
699.2167101827677	25.97946341012101
700.2175805047867	25.935676207424855
701.2184508268059	25.89211709266474
702.2193211488251	25.84878430580362
703.2201914708442	25.805676103622815
704.2210617928633	25.762790759534585
705.2219321148825	25.720126563397173
706.2228024369017	25.677681821332097
707.2236727589208	25.63545485554378
708.22454308094	25.59344400414141
709.225413402959	25.55164762096312
710.2262837249782	25.51006407540225
711.2271540469974	25.468691752235895
712.2280243690166	25.427529051455537
713.2288946910357	25.386574388099802
714.2297650130548	25.345826192089326
715.2306353350739	25.30528290806359
716.2315056570931	25.26494299521993
717.2323759791122	25.224804927154402
718.2332463011314	25.18486719170471
719.2341166231506	25.145128290795025
720.2349869451697	25.105586740282767
721.2358572671889	25.066241069807216
722.2367275892079	25.027089822640065
723.2375979112271	24.98813155553774
724.2384682332463	24.94936483859558
725.2393385552655	24.910788255103814
726.2402088772847	24.87240040140522
727.2410791993037	24.834199886754647
728.2419495213229	24.79618533318015
729.242819843342	24.758355375345907
730.2436901653612	24.720708660416683
731.2445604873803	24.6832438479241
732.2454308093995	24.645959609634414
733.2463011314186	24.60885462941792
734.2471714534378	24.57192760311996
735.2480417754568	24.535177238433498
736.248912097476	24.498602254773207
737.2497824194952	24.46220138315107
738.2506527415144	24.425973366053523
739.2515230635336	24.389916957320036
740.2523933855526	24.35403092202315
741.2532637075718	24.318314036349985
742.2541340295909	24.282765087485153
743.2550043516101	24.247382873495038
744.2558746736293	24.212166203213528
745.2567449956484	24.177113896129036
746.2576153176675	24.14222478227292
747.2584856396867	24.1074977021092
748.2593559617058	24.072931506425604
749.2602262837249	24.038525056225886
750.2610966057441	24.00427722262344
751.2619669277633	23.97018688673617
752.2628372497825	23.936252939582566
753.2637075718015	23.90247428197909
754.2645778938207	23.868849824438634
755.2654482158398	23.835378487070347
756.266318537859	23.802059199480478
757.2671888598782	23.768890900674464
758.2680591818973	23.735872538960194
759.2689295039164	23.70300307185229
760.2697998259356	23.67028146597764
761.2706701479547	23.63770669698195
762.2715404699738	23.605277749437395
763.272410791993	23.572993616751358
764.2732811140122	23.54085330107626
765.2741514360314	23.508855813220354
766.2750217580505	23.477000172559634
767.2758920800696	23.445285406950738
768.2767624020887	23.41371055264482
769.2776327241079	23.382274654202455
770.2785030461271	23.350976764409552
771.2793733681463	23.31981594419416
772.2802436901654	23.288791262544287
773.2811140121845	23.257901796426644
774.2819843342036	23.227146630706304
775.2828546562228	23.196524858067335
776.2837249782419	23.166035578934263
777.2845953002611	23.135677901394505
778.2854656222803	23.105450941121653
779.2863359442994	23.075353821299586
780.2872062663185	23.045385672547557
781.2880765883376	23.015545632846013
782.2889469103568	22.98583284746335
783.289817232376	22.956246468883407
784.2906875543952	22.926785656733887
785.2915578764143	22.897449577715477
786.2924281984334	22.868237405531847
787.2932985204525	22.839148320820403
788.2941688424717	22.810181511083826
789.2950391644908	22.78133617062238
790.29590948651	22.752611500466983
791.2967798085292	22.72400670831302
792.2976501305483	22.695521008454897
793.2985204525675	22.667153621721344
794.2993907745865	22.638903775411404
795.3002610966057	22.610770703231193
796.3011314186249	22.582753645231303
797.3020017406441	22.554851847744942
798.3028720626633	22.527064563326714
799.3037423846823	22.499391050692175
800.3046127067014	22.47183057465792
801.3054830287206	22.44438240608245
802.3063533507398	22.41704582180766
803.3072236727589	22.3898201046009
804.3080939947781	22.36270454309782
805.3089643167972	22.335698431745683
806.3098346388164	22.30880107074741
807.3107049608354	22.282011766006228
808.3115752828546	22.255329829070845
809.3124456048738	22.22875457708134
810.313315926893	22.202285332715558
811.3141862489122	22.175921424136128
812.3150565709312	22.149662184938038
813.3159268929503	22.123506954096815
814.3167972149695	22.097455075917214
815.3176675369887	22.07150589998254
816.3185378590078	22.04565878110443
817.319408181027	22.019913079273262
818.3202785030461	21.994268159609053
819.3211488250653	21.96872339231289
820.3220191470843	21.94327815261889
821.3228894691035	21.917931820746713
822.3237597911227	21.892683781854505
823.3246301131419	21.867533425992445
824.3255004351611	21.84248014805672
825.3263707571801	21.817523347744004
826.3272410791992	21.792662429506464
827.3281114012184	21.767896802507185
828.3289817232376	21.743225880576148
829.3298520452568	21.718649082166582
830.3307223672759	21.694165830311906
831.331592689295	21.669775552582983
832.3324630113142	21.645477681045936
833.3333333333333	21.6212716522204
834.3342036553524	21.597156907038144
835.3350739773716	21.57313289080224
836.3359442993908	21.54919905314656
837.33681462141	21.52535484799576
838.337684943429	21.50159973352569
839.3385552654481	21.477933172124185
840.3394255874673	21.45435463035228
841.3402959094865	21.43086357890587
842.3411662315057	21.407459492577715
843.3420365535248	21.38414185021988
844.3429068755439	21.36091013470656
845.3437771975631	21.337763832897288
846.3446475195822	21.31470243560054
847.3455178416013	21.291725437537696
848.3463881636205	21.26883233730741
849.3472584856397	21.246022637350315
850.3481288076589	21.223295843914123
851.348999129678	21.200651467019075
852.349869451697	21.178089020423744
853.3507397737162	21.155608021591195
854.3516100957354	21.133207991655528
855.3524804177546	21.11088845538869
856.3533507397738	21.088648941167705
857.3542210617928	21.066488980942214
858.355091383812	21.04440811020233
859.3559617058311	21.02240586794686
860.3568320278503	21.00048179665181
861.3577023498694	20.97863544223927
862.3585726718886	20.956866354046543
863.3594429939078	20.93517408479567
864.3603133159269	20.913558190563197
865.3611836379459	20.8920182307503
866.3620539599651	20.870553768053178
867.3629242819843	20.849164368433783
868.3637946040035	20.82784960109082
869.3646649260227	20.806609038431027
870.3655352480417	20.78544225604082
871.3664055700609	20.764348832658115
872.36727589208	20.74332835014454
873.3681462140992	20.72238039345786
874.3690165361184	20.701504550624705
875.3698868581375	20.680700412713563
876.3707571801567	20.65996757380807
877.3716275021758	20.639305630980537
878.372497824195	20.618714184265745
879.373368146214	20.598192836635043
880.3742384682332	20.57774119397064
881.3751087902524	20.557358865040218
882.3759791122716	20.53704546147176
883.3768494342906	20.51680059772864
884.3777197563098	20.496623891084948
885.3785900783289	20.47651496160112
886.3794604003481	20.45647343209968
887.3803307223673	20.436498928141415
888.3812010443864	20.416591078001566
889.3820713664056	20.39674951264647
890.3829416884247	20.37697386571025
891.3838120104439	20.357263773471853
892.384682332463	20.33761887483228
893.3855526544821	20.318038811292027
894.3864229765013	20.298523226928754
895.3872932985205	20.279071768375204
896.3881636205396	20.25968408479727
897.3890339425587	20.240359827872368
898.3899042645778	20.22109865176794
899.390774586597	20.201900213120222
900.3916449086162	20.18276417101319
901.3925152306354	20.16369018695773
902.3933855526545	20.144677924870983
903.3942558746736	20.125727051055947
904.3951261966928	20.106837234181192
905.3959965187119	20.088008145260872
906.396866840731	20.069239457634847
907.3977371627502	20.05053084694904
908.3986074847694	20.031881991135975
909.3994778067886	20.013292570395517
910.4003481288077	19.994762267175773
911.4012184508267	19.976290766154175
912.4020887728459	19.957877754218785
913.4029590948651	19.939522920449743
914.4038294168843	19.921225956100923
915.4046997389034	19.902986554581698
916.4055700609225	19.884804411438996
917.4064403829417	19.8666792243394
918.4073107049608	19.848610693051537
919.40818102698	19.83059851942852
920.4090513489991	19.812642407390673
921.4099216710183	19.794742062908316
922.4107919930375	19.776897193984812
923.4116623150566	19.759107510639677
924.4125326370756	19.741372724891928
925.4134029590948	19.72369255074356
926.414273281114	19.706066704163167
927.4151436031332	19.688494903069746
928.4160139251524	19.670976867316625
929.4168842471714	19.653512318675574
930.4177545691906	19.636100980821027
931.4186248912097	19.618742579314507
932.4194952132289	19.60143684158913
933.420365535248	19.584183496934326
934.4212358572672	19.56698227648064
935.4221061792864	19.54983291318472
936.4229765013055	19.53273514181442
937.4238468233245	19.515688698934067
938.4247171453437	19.498693322889828
939.4255874673629	19.48174875379526
940.4264577893821	19.46485473351696
941.4273281114013	19.448011005660366
942.4281984334203	19.43121731555567
943.4290687554395	19.414473410243893
944.4299390774586	19.397779038463074
945.4308093994778	19.381133950634563
946.431679721497	19.3645378988495
947.4325500435161	19.347990636855354
948.4334203655353	19.331491920042616
949.4342906875544	19.315041505431648
950.4351610095734	19.29863915165957
951.4360313315926	19.282284618967367
952.4369016536118	19.265977669187023
953.437771975631	19.249718065728853
954.4386422976502	19.233505573568877
955.4395126196692	19.217339959236394
956.4403829416884	19.20122099080156
957.4412532637075	19.18514843786321
958.4421235857267	19.16912207153667
959.4429939077459	19.153141664441765
960.443864229765	19.137206990690906
961.4447345517842	19.12131782587726
962.4456048738033	19.105473947063075
963.4464751958225	19.089675132768075
964.4473455178415	19.073921162957998
965.4482158398607	19.05821181903318
966.4490861618799	19.04254688381731
967.449956483899	19.026926141546227
968.4508268059182	19.011349377856856
969.4516971279373	18.995816379776247
970.4525674499565	18.98032693571066
971.4534377719756	18.964880835434837
972.4543080939948	18.949477870081274
973.455178416014	18.934117832129665
974.456048738033	18.9188005153964
975.4569190600522	18.903525715024173
976.4577893820714	18.888293227471678
977.4586597040905	18.873102850503404
978.4595300261096	18.857954383179486
979.4604003481288	18.842847625845728
980.4612706701479	18.827782380123622
981.4621409921671	18.8127584489005
982.4630113141862	18.797775636319788
983.4638816362054	18.78283374777132
984.4647519582245	18.76793258988176
985.4656222802437	18.753071970505058
986.4664926022629	18.738251698713075
987.4673629242819	18.723471584786214
988.4682332463011	18.708731440204186
989.4691035683203	18.694031077636815
990.4699738903394	18.679370310934964
991.4708442123585	18.664748955121496
992.4717145343777	18.65016682638238
993.4725848563968	18.635623742057813
994.473455178416	18.62111952063342
995.4743255004352	18.606653981731608
996.4751958224543	18.592226946102887
997.4760661444734	18.577838235617367
998.4769364664926	18.563487673256244
999.4778067885118	18.549175083103446
1000.4786771105308	18.534900290337255
1001.47954743255	18.520663121222093
1002.4804177545692	18.50646340310033
1003.4812880765883	18.492300964384157
1004.4821583986075	18.47817563454757
1005.4830287206266	18.464087244118378
1006.4838990426458	18.45003562467032
1007.4847693646649	18.43602060881522
1008.4856396866841	18.42204203019522
1009.4865100087032	18.408099723475097
1010.4873803307223	18.394193524334604
1011.4882506527415	18.380323269460945
1012.4891209747607	18.366488796541226
1013.4899912967797	18.352689944255058
1014.4908616187989	18.338926552267168
1015.4917319408181	18.32519846122008
1016.4926022628372	18.311505512726892
1017.4934725848564	18.297847549364075
1018.4943429068755	18.284224414664354
1019.4952132288947	18.27063595310965
1020.4960835509138	18.257082010124073
1021.496953872933	18.243562432066962
1022.4978241949522	18.230077066226066
1023.4986945169712	18.21662576081063
1024.4995648389904	18.203208364944693
1025.5004351610096	18.189824728660373
1026.5013054830288	18.17647470289117
1027.502175805048	18.163158139465434
1028.5030461270671	18.14987489109978
1029.503916449086	18.13662481139262
1030.5047867711053	18.123407754817713
1031.5056570931245	18.110223576717825
1032.5065274151436	18.097072133298397
1033.5073977371626	18.083953281621252
1034.5082680591818	18.070866879598398
1035.509138381201	18.057812785985867
1036.5100087032201	18.04479086037759
1037.5108790252393	18.031800963199355
1038.5117493472585	18.018842955702784
1039.5126196692777	18.00591669995937
1040.5134899912969	17.993022058854578
1041.514360313316	17.98015889608197
1042.515230635335	17.967327076137433
1043.5161009573542	17.95452646431334
1044.5169712793734	17.941756926692914
1045.5178416013925	17.92901833014452
1046.5187119234115	17.916310542316044
1047.5195822454307	17.903633431629327
1048.5204525674499	17.89098686727464
1049.521322889469	17.878370719205197
1050.5221932114882	17.865784858131722
1051.5230635335074	17.85322915551704
1052.5239338555266	17.84070348357076
1053.5248041775458	17.82820771524394
1054.525674499565	17.81574172422386
1055.526544821584	17.80330538492878
1056.527415143603	17.79089857250275
1057.5282854656223	17.778521162810552
1058.5291557876415	17.76617303243252
1059.5300261096604	17.753854058659556
1060.5308964316796	17.741564119488086
1061.5317667536988	17.72930309361513
1062.532637075718	17.717070860433346
1063.5335073977371	17.70486730002616
1064.5343777197563	17.692692293162924
1065.5352480417755	17.6805457212941
1066.5361183637947	17.6684274665465
1067.5369886858139	17.656337411718564
1068.5378590078328	17.644275440275663
1069.538729329852	17.63224143634544
1070.5395996518712	17.620235284713218
1071.5404699738904	17.60825687081741
1072.5413402959093	17.59630608074498
1073.5422106179285	17.584382801226944
1074.5430809399477	17.57248691963389
1075.5439512619669	17.56061832397157
1076.544821583986	17.54877690287651
1077.5456919060052	17.536962545611612
1078.5465622280244	17.52517514206186
1079.5474325500436	17.513414582730015
1080.5483028720628	17.501680758732395
1081.549173194082	17.489973561794596
1082.550043516101	17.478292884247363
1083.55091383812	17.466638619022376
1084.5517841601393	17.455010659648195
1085.5526544821582	17.443408900246112
1086.5535248041774	17.43183323552614
1087.5543951261966	17.420283560782952
1088.5552654482158	17.40875977189193
1089.556135770235	17.397261765305178
1090.5570060922541	17.385789438047592
1091.5578764142733	17.37434268771297
1092.5587467362925	17.362921412460164
1093.5596170583117	17.35152551100921
1094.5604873803309	17.340154882637552
1095.5613577023498	17.32880942717625
1096.562228024369	17.317489045006223
1097.5630983463882	17.30619363705458
1098.5639686684071	17.294923104790872
1099.5648389904263	17.28367735022348
1100.5657093124455	17.272456275895966
1101.5665796344647	17.26125978488347
1102.5674499564839	17.25008778078916
1103.568320278503	17.238940167740637
1104.5691906005222	17.227816850386493
1105.5700609225414	17.216717733892743
1106.5709312445606	17.205642723939423
1107.5718015665798	17.194591726717125
1108.5726718885987	17.183564648923593
1109.573542210618	17.172561397760337
1110.574412532637	17.161581880929294
1111.575282854656	17.150626006629476
1112.5761531766752	17.139693683553695
1113.5770234986944	17.12878482088524
1114.5778938207136	17.11789932829468
1115.5787641427328	17.10703711593658
1116.579634464752	17.09619809444635
1117.5805047867711	17.08538217493703
1118.5813751087903	17.074589268996142
1119.5822454308095	17.063819288682577
1120.5831157528287	17.053072146523476
1121.5839860748476	17.04234775551116
1122.5848563968668	17.03164602910005
1123.585726718886	17.02096688120364
1124.586597040905	17.01031022619154
1125.5874673629241	16.999675978886373
1126.5883376849433	16.98906405456093
1127.5892080069625	16.978474368935153
1128.5900783289817	16.967906838173235
1129.5909486510009	16.95736137888073
1130.59181897302	16.946837908101674
1131.5926892950392	16.93633634331571
1132.5935596170584	16.925856602435292
1133.5944299390776	16.91539860380285
1134.5953002610966	16.904962266188008
1135.5961705831157	16.894547508784793
1136.597040905135	16.884154251208944
1137.5979112271539	16.873782413495118
1138.598781549173	16.863431916094232
1139.5996518711922	16.85310267987076
1140.6005221932114	16.84279462610006
1141.6013925152306	16.832507676465735
1142.6022628372498	16.822241753057025
1143.603133159269	16.811996778366176
1144.6040034812881	16.801772675285857
1145.6048738033073	16.791569367106614
1146.6057441253265	16.7813867775143
1147.6066144473455	16.771224830587553
1148.6074847693646	16.76108345079529
1149.6083550913838	16.750962562994214
1150.6092254134028	16.740862092426344
1151.610095735422	16.73078196471656
1152.6109660574411	16.720722105870166
1153.6118363794603	16.71068244227047
1154.6127067014795	16.700662900676384
1155.6135770234987	16.690663408220058
1156.6144473455179	16.680683892404506
1157.615317667537	16.670724281101236
1158.6161879895562	16.660784502547966
1159.6170583115754	16.650864485346272
1160.6179286335944	16.640964158459326
1161.6187989556136	16.631083451209594
1162.6196692776327	16.621222293276578
1163.6205395996517	16.611380614694582
1164.6214099216709	16.601558345850474
1165.62228024369	16.5917554174815
1166.6231505657092	16.58197176067304
1167.6240208877284	16.572207306856466
1168.6248912097476	16.562461987806987
1169.6257615317668	16.552735735641456
1170.626631853786	16.543028482816293
1171.6275021758051	16.53334016212533
1172.6283724978243	16.523670706697718
1173.6292428198433	16.51402004999586
1174.6301131418625	16.504388125813318
1175.6309834638816	16.49477486827277
1176.6318537859006	16.485180211823977
1177.6327241079198	16.475604091241735
1178.633594429939	16.46604644162389
1179.6344647519581	16.456507198389318
1180.6353350739773	16.44698629727597
1181.6362053959965	16.43748367433887
1182.6370757180157	16.42799926594821
1183.6379460400349	16.41853300878736
1184.638816362054	16.409084839850973
1185.6396866840732	16.39965469644308
1186.6405570060922	16.390242516175167
1187.6414273281114	16.38084823696431
1188.6422976501306	16.3714717970313
1189.6431679721495	16.362113134898788
1190.6440382941687	16.352772189389437
1191.6449086161879	16.3434488996241
1192.645778938207	16.334143205019988
1193.6466492602262	16.324855045288892
1194.6475195822454	16.315584360435363
1195.6483899042646	16.30633109075496
1196.6492602262838	16.29709517683246
1197.650130548303	16.287876559540116
1198.6510008703222	16.278675180035926
1199.651871192341	16.269490979761894
1200.6527415143603	16.260323900442305
1201.6536118363795	16.251173884082043
1202.6544821583984	16.24204087296489
1203.6553524804176	16.232924809651838
1204.6562228024368	16.223825636979424
1205.657093124456	16.214743298058103
1206.6579634464752	16.20567773627054
1207.6588337684943	16.196628895270052
1208.6597040905135	16.18759671897893
1209.6605744125327	16.17858115158686
1210.6614447345519	16.169582137549316
1211.662315056571	16.160599621585963
1212.66318537859	16.151633548679094
1213.6640557006092	16.14268386407207
1214.6649260226284	16.13375051326774
1215.6657963446473	16.12483344202693
1216.6666666666665	16.115932596366882
1217.6675369886857	16.107047922559758
1218.6684073107049	16.098179367131113
1219.669277632724	16.089326876858397
1220.6701479547432	16.080490398769467
1221.6710182767624	16.07166988014111
1222.6718885987816	16.06286526849756
1223.6727589208008	16.05407651160906
1224.67362924282	16.045303557490406
1225.674499564839	16.0365463543995
1226.675369886858	16.02780485083591
1227.6762402088773	16.019078995539484
1228.6771105308962	16.01036873748893
1229.6779808529154	16.00167402590039
1230.6788511749346	15.99299481022608
1231.6797214969538	15.984331040152899
1232.680591818973	15.975682665601065
1233.6814621409922	15.967049636722729
1234.6823324630113	15.958431903900669
1235.6832027850305	15.949829417746896
1236.6840731070497	15.94124212910135
1237.6849434290689	15.932669989030584
1238.6858137510878	15.924112948826416
1239.686684073107	15.915570960004649
1240.6875543951262	15.907043974303773
1241.6884247171452	15.898531943683665
1242.6892950391643	15.890034820324304
1243.6901653611835	15.881552556624525
1244.6910356832027	15.87308510520074
1245.6919060052219	15.864632418885678
1246.692776327241	15.856194450727157
1247.6936466492602	15.847771153986827
1248.6945169712794	15.83936248213897
1249.6953872932986	15.830968388869245
1250.6962576153178	15.82258882807351
1251.6971279373367	15.814223753856595
1252.697998259356	15.80587312053111
1253.698868581375	15.797536882616276
1254.699738903394	15.789214994836719
1255.7006092254132	15.780907412121312
1256.7014795474324	15.77261408960202
1257.7023498694516	15.764334982612729
1258.7032201914708	15.756070046688105
1259.70409051349	15.747819237562457
1260.7049608355092	15.739582511168598
1261.7058311575283	15.731359823636717
1262.7067014795475	15.723151131293285
1263.7075718015667	15.714956390659907
1264.7084421235857	15.706775558452248
1265.7093124456048	15.698608591578937
1266.710182767624	15.690455447140467
1267.711053089643	15.682316082428118
1268.7119234116622	15.67419045492288
1269.7127937336813	15.666078522294402
1270.7136640557005	15.657980242399926
1271.7145343777197	15.64989557328322
1272.7154046997389	15.641824473173545
1273.716275021758	15.633766900484625
1274.7171453437772	15.625722813813606
1275.7180156657964	15.617692171940021
1276.7188859878156	15.6096749338248
1277.7197563098346	15.601671058609234
1278.7206266318537	15.593680505613975
1279.721496953873	15.585703234338057
1280.7223672758919	15.577739204457876
1281.723237597911	15.569788375826219
1282.7241079199302	15.561850708471304
1283.7249782419494	15.553926162595774
1284.7258485639686	15.546014698575759
1285.7267188859878	15.538116276959899
1286.727589208007	15.5302308584684
1287.7284595300262	15.522358403992097
1288.7293298520453	15.514498874591492
1289.7302001740645	15.506652231495824
1290.7310704960835	15.498818436102164
1291.7319408181027	15.490997449974472
1292.7328111401218	15.483189234842678
1293.733681462141	15.475393752601782
1294.73455178416	15.46761096531096
1295.7354221061792	15.459840835192633
1296.7362924281983	15.452083324631603
1297.7371627502175	15.444338396174166
1298.7380330722367	15.436606012527209
1299.7389033942559	15.42888613655736
1300.739773716275	15.421178731290102
1301.7406440382942	15.413483759908912
1302.7415143603134	15.405801185754404
1303.7423846823324	15.39813097232349
1304.7432550043516	15.390473083268496
1305.7441253263707	15.382827482396365
1306.74499564839	15.37519413366779
1307.7458659704089	15.367573001196389
1308.746736292428	15.359964049247887
1309.7476066144472	15.352367242239284
1310.7484769364664	15.34478254473806
1311.7493472584856	15.337209921461334
1312.7502175805048	15.329649337275086
1313.751087902524	15.322100757193347
1314.7519582245432	15.314564146377405
1315.7528285465623	15.307039470135015
1316.7536988685813	15.299526693919614
1317.7545691906005	15.29202578332954
1318.7554395126197	15.284536704107264
1319.7563098346388	15.277059422138619
1320.7571801566578	15.269593903452023
1321.758050478677	15.26214011421773
1322.7589208006962	15.254698020747087
1323.7597911227153	15.247267589491756
1324.7606614447345	15.239848787042984
1325.7615317667537	15.232441580130864
1326.762402088773	15.225045935623598
1327.763272410792	15.217661820526754
1328.7641427328113	15.210289201982558
1329.7650130548302	15.202928047269156
1330.7658833768494	15.1955783237999
1331.7667536988686	15.188239999122644
1332.7676240208878	15.180913040919016
1333.7684943429067	15.173597417003737
1334.769364664926	15.1662930953239
1335.770234986945	15.159000043958292
1336.7711053089643	15.15171823111669
1337.7719756309834	15.144447625139168
1338.7728459530026	15.137188194495447
1339.7737162750218	15.129939907784177
1340.774586597041	15.12270273373229
1341.7754569190602	15.115476641194313
1342.7763272410791	15.108261599151714
1343.7771975630983	15.101057576712233
1344.7780678851175	15.093864543109229
1345.7789382071367	15.086682467701024
1346.7798085291556	15.079511319970258
1347.7806788511748	15.072351069523233
1348.781549173194	15.065201686089283
1349.7824194952132	15.058063139520142
1350.7832898172323	15.05093539978928
1351.7841601392515	15.043818436991305
1352.7850304612707	15.036712221341334
1353.78590078329	15.029616723174351
1354.786771105309	15.022531912944608
1355.787641427328	15.015457761225003
1356.7885117493472	15.008394238706472
1357.7893820713664	15.001341316197376
1358.7902523933856	14.994298964622912
1359.7911227154045	14.987267155024497
1360.7919930374237	14.980245858559185
1361.792863359443	14.973235046499068
1362.793733681462	14.966234690230692
1363.7946040034813	14.959244761254471
1364.7954743255004	14.952265231184095
1365.7963446475196	14.94529607174598
1366.7972149695388	14.938337254778661
1367.798085291558	14.931388752232241
1368.7989556135772	14.924450536167823
1369.7998259355961	14.917522578756941
1370.8006962576153	14.910604852280992
1371.8015665796345	14.903697329130699
1372.8024369016534	14.896799981805554
1373.8033072236726	14.889912782913237
1374.8041775456918	14.883035705169114
1375.805047867711	14.87616872139566
1376.8059181897302	14.869311804521939
1377.8067885117493	14.862464927583046
1378.8076588337685	14.855628063719603
1379.8085291557877	14.848801186177196
1380.809399477807	14.841984268305877
1381.810269799826	14.835177283559615
1382.811140121845	14.828380205495789
1383.8120104438642	14.821593007774661
1384.8128807658834	14.814815664158875
1385.8137510879023	14.808048148512938
1386.8146214099215	14.801290434802702
1387.8154917319407	14.794542497094866
1388.81636205396	14.787804309556487
1389.817232375979	14.781075846454454
1390.8181026979983	14.77435708215501
1391.8189730200174	14.76764799112325
1392.8198433420366	14.760948547922636
1393.8207136640558	14.754258727214498
1394.821583986075	14.747578503757579
1395.822454308094	14.7409078524075
1396.8233246301131	14.73424674811633
1397.8241949521323	14.727595165932096
1398.8250652741513	14.720953080998298
1399.8259355961704	14.714320468553426
1400.8268059181896	14.707697303930546
1401.8276762402088	14.701083562556777
1402.828546562228	14.694479219952857
1403.8294168842472	14.687884251732676
1404.8302872062663	14.681298633602822
1405.8311575282855	14.674722341362122
1406.8320278503047	14.668155350901193
1407.832898172324	14.661597638202004
1408.8337684943428	14.655049179337404
1409.834638816362	14.64850995047069
1410.8355091383812	14.641979927855187
1411.8363794604002	14.635459087833782
1412.8372497824193	14.62894740683849
1413.8381201044385	14.622444861390035
1414.8389904264577	14.615951428097407
1415.839860748477	14.60946708365744
1416.840731070496	14.602991804854389
1417.8416013925153	14.596525568559485
1418.8424717145344	14.590068351730554
1419.8433420365536	14.583620131411553
1420.8442123585728	14.57718088473219
1421.8450826805918	14.570750588907481
1422.845953002611	14.564329221237372
1423.8468233246301	14.557916759106293
1424.847693646649	14.551513179982788
1425.8485639686683	14.545118461419065
1426.8494342906874	14.538732581050658
1427.8503046127066	14.532355516595961
1428.8511749347258	14.525987245855873
1429.852045256745	14.519627746713386
1430.8529155787642	14.513276997133207
1431.8537859007834	14.506934975161334
1432.8546562228025	14.500601658924728
1433.8555265448217	14.494277026630849
1434.8563968668407	14.487961056567343
1435.8572671888599	14.48165372710161
1436.858137510879	14.475355016680464
1437.859007832898	14.469064903829722
1438.8598781549172	14.462783367153849
1439.8607484769364	14.45651038533558
1440.8616187989555	14.450245937135549
1441.8624891209747	14.443990001391919
1442.863359442994	14.437742557020016
1443.864229765013	14.431503583011967
1444.8651000870323	14.425273058436328
1445.8659704090514	14.419050962437744
1446.8668407310706	14.412837274236566
1447.8677110530896	14.406631973128512
1448.8685813751088	14.400435038484304
1449.869451697128	14.39424644974932
1450.870322019147	14.388066186443243
1451.871192341166	14.381894228159714
1452.8720626631853	14.375730554565976
1453.8729329852044	14.369575145402543
1454.8738033072236	14.363427980482848
1455.8746736292428	14.357289039692912
1456.875543951262	14.351158302990996
1457.8764142732812	14.345035750407261
1458.8772845953004	14.338921362043449
1459.8781549173195	14.332815118072542
1460.8790252393385	14.326716998738421
1461.8798955613577	14.320626984355549
1462.8807658833769	14.314545055308638
1463.8816362053958	14.308471192052338
1464.882506527415	14.30240537511088
1465.8833768494342	14.296347585077788
1466.8842471714534	14.29029780261555
1467.8851174934725	14.284256008455277
1468.8859878154917	14.27822218339642
1469.886858137511	14.272196308306436
1470.88772845953	14.26617836412048
1471.8885987815493	14.26016833184108
1472.8894691035684	14.25416619253786
1473.8903394255874	14.248171927347203
1474.8912097476066	14.242185517471938
1475.8920800696258	14.236206944181072
1476.892950391645	14.230236188809458
1477.8938207136641	14.224273232757502
1478.894691035683	14.218318057490865
1479.8955613577023	14.212370644540162
1480.8964316797214	14.206430975500664
1481.8973020017406	14.200499032032017
1482.8981723237598	14.194574795857921
1483.899042645779	14.18865824876588
1484.899912967798	14.182749372606871
1485.9007832898171	14.176848149295076
1486.9016536118363	14.170954560807603
1487.9025239338555	14.165068589184168
1488.9033942558747	14.15919021652687
1489.9042645778939	14.153319424999843
1490.905134899913	14.14745619682902
1491.906005221932	14.141600514301835
1492.9068755439512	14.135752359766958
1493.9077458659704	14.129911715634003
1494.9086161879895	14.124078564373269
1495.9094865100087	14.11825288851546
1496.910356832028	14.112434670651417
1497.9112271540469	14.106623893431841
1498.912097476066	14.100820539567035
1499.9129677980852	14.095024591826627
1500.9138381201044	14.089236033039315
1501.9147084421236	14.083454846092586
1502.9155787641428	14.07768101393248
1503.916449086162	14.0719145195633
1504.917319408181	14.066155346047376
1505.9181897302	14.06040347650478
1506.9190600522193	14.054658894113103
1507.9199303742384	14.04892158210718
1508.9208006962576	14.043191523778827
1509.9216710182768	14.037468702476595
1510.9225413402958	14.031753101605545
1511.923411662315	14.026044704626948
1512.9242819843341	14.020343495058079
1513.9251523063533	14.014649456471945
1514.9260226283725	14.00896257249706
1515.9268929503917	14.003282826817166
1516.9277632724109	13.997610203171028
1517.9286335944298	13.99194468535218
1518.929503916449	13.98628625720865
1519.9303742384682	13.980634902642777
1520.9312445604874	13.974990605610934
1521.9321148825065	13.969353350123303
1522.9329852045257	13.963723120243632
1523.9338555265447	13.958099900089014
1524.9347258485639	13.952483673829642
1525.935596170583	13.94687442568858
1526.9364664926022	13.941272139941526
1527.9373368146214	13.935676800916607
1528.9382071366406	13.930088392994113
1529.9390774586598	13.924506900606302
1530.9399477806787	13.918932308237153
1531.940818102698	13.913364600422149
1532.941688424717	13.907803761748065
1533.9425587467363	13.902249776852718
1534.9434290687554	13.896702630424773
1535.9442993907746	13.891162307203508
1536.9451697127936	13.8856287919786
1537.9460400348128	13.8801020695899
1538.946910356832	13.874582124927233
1539.9477806788511	13.869068942930154
1540.9486510008703	13.86356250858777
1541.9495213228895	13.858062806938493
1542.9503916449087	13.852569823069851
1543.9512619669276	13.847083542118268
1544.9521322889468	13.841603949268851
1545.953002610966	13.836131029755173
1546.9538729329852	13.830664768859107
1547.9547432550044	13.82520515191056
1548.9556135770235	13.819752164287305
1549.9564838990427	13.814305791414771
1550.9573542210617	13.808866018765833
1551.9582245430809	13.803432831860619
1552.9590948651	13.798006216266288
1553.9599651871192	13.792586157596856
1554.9608355091384	13.787172641512978
1555.9617058311576	13.781765653721761
1556.9625761531765	13.776365179976558
1557.9634464751957	13.770971206076775
1558.964316797215	13.765583717867676
1559.965187119234	13.760202701240196
1560.9660574412533	13.754828142130734
1561.9669277632725	13.749460026520962
1562.9677980852916	13.744098340437654
1563.9686684073106	13.738743069952463
1564.9695387293298	13.733394201181769
1565.970409051349	13.728051720286457
1566.9712793733681	13.722715613471747
1567.9721496953873	13.717385866987009
1568.9730200174065	13.71206246712556
1569.9738903394255	13.706745400224513
1570.9747606614446	13.701434652664558
1571.9756309834638	13.696130210869796
1572.976501305483	13.690832061307557
1573.9773716275022	13.685540190488217
1574.9782419495214	13.680254584965024
1575.9791122715405	13.674975231333905
1576.9799825935595	13.669702116233308
1577.9808529155787	13.664435226344
1578.9817232375979	13.659174548388918
1579.982593559617	13.653920069132967
1580.9834638816362	13.648671775382871
1581.9843342036554	13.64342965398698
1582.9852045256744	13.638193691835108
1583.9860748476935	13.632963875858355
1584.9869451697127	13.627740193028934
1585.987815491732	13.622522630360022
1586.988685813751	13.617311174905558
1587.9895561357703	13.61210581376009
1588.9904264577895	13.606906534058623
1589.9912967798084	13.60171332297643
1590.9921671018276	13.596526167728891
1591.9930374238468	13.591345055571331
1592.993907745866	13.586169973798864
1593.9947780678851	13.581000909746205
1594.9956483899043	13.575837850787543
1595.9965187119233	13.570680784336353
1596.9973890339425	13.565529697845236
1597.9982593559616	13.560384578805765
1598.9991296779808	13.555245414748333
1600.0	13.550112193241988
