nm	musp[cm-1]
450.0	80.40444774563193
451.0008703220191	80.06572148297697
452.0017406440383	79.73016490343953
453.00261096605743	79.3977382456694
454.0034812880766	79.06840234732913
455.00435161009574	78.74211863468962
456.00522193211486	78.41884911242911
457.00609225413405	78.09855635363185
458.00696257615317	77.7812034899817
459.0078328981723	77.46675420214645
460.0087032201915	77.15517271034891
461.0095735422106	76.84642376512078
462.0104438642298	76.54047263823502
463.0113141862489	76.23728511381337
464.01218450826804	75.93682747960469
465.0130548302872	75.63906651843105
466.01392515230634	75.34396949979778
467.0147954743255	75.05150417166347
468.01566579634465	74.76163875236765
469.0165361183638	74.47434192271162
470.01740644038296	74.18958281818985
471.0182767624021	73.90733102136892
472.0191470844212	73.62755655441005
473.0200174064404	73.35022987173326
474.0208877284595	73.0753218528195
475.0217580504787	72.80280379514791
476.0226283724978	72.53264740726581
477.02349869451695	72.26482480198807
478.0243690165361	71.99930848972365
479.02523933855525	71.73607137192656
480.02610966057443	71.47508673466822
481.02697998259356	71.21632824232961
482.0278503046127	70.95976993140972
483.02872062663187	70.70538620444873
484.029590948651	70.453151824063
485.0304612706701	70.20304190708998
486.0313315926893	69.95503191884055
487.0322019147084	69.70909766745663
488.0330722367276	69.46521529837196
489.03394255874673	69.22336128887402
490.0348128807659	68.98351244276486
491.03568320278504	68.7456458851191
492.03655352480416	68.50973905713663
493.03742384682334	68.2757697110889
494.03829416884247	68.04371590535614
495.0391644908616	67.81355599955415
496.0400348128808	67.58526864974861
497.0409051348999	67.35883280375548
498.041775456919	67.13422769652522
499.0426457789382	66.91143284560992
500.04351610095733	66.69042804671096
501.0443864229765	66.47119336930605
502.04525674499564	66.25370915235398
503.0461270670148	66.03795600007534
504.04699738903395	65.82391477780813
505.0478677110531	65.61156660793631
506.04873803307225	65.40089286589028
507.0496083550914	65.19187517621761
508.0504786771105	64.9844954087226
509.0513489991297	64.77873567467367
510.0522193211488	64.57457832307698
511.053089643168	64.37200593701485
512.0539599651871	64.17100133004826
513.0548302872063	63.97154754268149
514.0557006092254	63.77362783888855
515.0565709312446	63.57722570269901
516.0574412532637	63.38232483484357
517.0583115752829	63.18890914945687
518.059181897302	62.99696277083739
519.0600522193212	62.806470030262595
520.0609225413402	62.61741546285919
521.0617928633594	62.42978380452629
522.0626631853786	62.243559988911585
523.0635335073978	62.05872914443882
524.0644038294168	61.87527659138574
525.065274151436	61.69318783901174
526.0661444734552	61.51244858273414
527.0670147954743	61.333044701352144
528.0678851174935	61.15496225431759
529.0687554395126	60.97818747905184
530.0696257615318	60.80270678830744
531.0704960835509	60.628506767574414
532.0713664055701	60.455574172529595
533.0722367275891	60.283895926528814
534.0731070496083	60.11345911814087
535.0739773716275	59.944250998722424
536.0748476936467	59.776258980033404
537.0757180156658	59.609470631891604
538.0765883376849	59.44387367986645
539.0774586597041	59.27945600301058
540.0783289817232	59.11620563162908
541.0791993037424	58.95411074508505
542.0800696257616	58.79315966964168
543.0809399477807	58.63334087633928
544.0818102697998	58.474642978907276
545.082680591819	58.317054731710186
546.083550913838	58.16056502772717
547.0844212358572	58.00516289656439
548.0852915578764	57.850837502499644
549.0861618798956	57.69757814255871
550.0870322019147	57.545374244622785
551.0879025239338	57.394215365566495
552.088772845953	57.24409118942589
553.0896431679721	57.094991525596015
554.0905134899913	56.94690630705718
555.0913838120105	56.799825588630014
556.0922541340296	56.65373954525808
557.0931244560487	56.50863847031808
558.0939947780679	56.36451277395704
559.0948651000871	56.22135298145582
560.0957354221061	56.079149731618756
561.0966057441253	55.937893775188556
562.0974760661445	55.79757597328671
563.0983463881636	55.658187295878086
564.0992167101828	55.51971882026
565.1000870322019	55.38216172957493
566.100957354221	55.245507311346735
567.1018276762402	55.1097469560396
568.1026979982594	54.9748721556397
569.1035683202786	54.84087450225906
570.1044386422976	54.70774568676095
571.1053089643168	54.57547749740693
572.106179286336	54.44406181852467
573.107049608355	54.31349062919683
574.1079199303742	54.183756001969556
575.1087902523934	54.05485010158178
576.1096605744125	53.92676518371337
577.1105308964317	53.79949359375296
578.1114012184509	53.673027765584706
579.1122715404699	53.54736022039343
580.1131418624891	53.42248356548827
581.1140121845083	53.29839049314427
582.1148825065275	53.17507377946157
583.1157528285465	53.05252628324207
584.1166231505657	52.930740944883034
585.1174934725848	52.80971078528774
586.118363794604	52.68942890479232
587.1192341166231	52.56988848210906
588.1201044386423	52.45108277328563
589.1209747606615	52.333005110679835
590.1218450826806	52.21564890195
591.1227154046998	52.09900762906037
592.1235857267188	51.98307484730152
593.124456048738	51.86784418432539
594.1253263707572	51.75330933919462
595.1261966927764	51.63946408144637
596.1270670147954	51.52630225016967
597.1279373368146	51.41381775309684
598.1288076588337	51.302004565708174
599.1296779808529	51.19085673034996
600.1305483028721	51.08036835536553
601.1314186248912	50.9705336142392
602.1322889469104	50.86134674475266
603.1331592689295	50.752802048153924
604.1340295909487	50.64489388833844
605.1348999129677	50.53761669104215
606.1357702349869	50.43096494304649
607.1366405570061	50.324933191394805
608.1375108790253	50.21951604262035
609.1383812010444	50.114708161985526
610.1392515230635	50.01050427273203
611.1401218450827	49.90689915534207
612.1409921671018	49.80388764681011
613.141862489121	49.7014646399253
614.1427328111401	49.5996250825641
615.1436031331593	49.49836397699333
616.1444734551784	49.39767637918292
617.1453437771976	49.297557398128816
618.1462140992166	49.1980021951855
619.1470844212358	49.09900598340799
620.147954743255	49.000564026903334
621.1488250652742	48.90267164019135
622.1496953872933	48.80532418757443
623.1505657093124	48.70851708251621
624.1514360313316	48.612245787029366
625.1523063533507	48.51650581107174
626.1531766753699	48.42129271195116
627.1540469973891	48.32660209373871
628.1549173194082	48.23242960669019
629.1557876414273	48.13877094667575
630.1566579634465	48.04562185461754
631.1575282854656	47.95297811593524
632.1583986074847	47.86083555999935
633.1592689295039	47.76919005959219
634.1601392515231	47.67803753037627
635.1610095735422	47.58737393037029
636.1618798955614	47.49719525943218
637.1627502175805	47.40749755874957
638.1636205395996	47.31827691033709
639.1644908616188	47.22952943654085
640.165361183638	47.141251299549566
641.1662315056572	47.05343870091265
642.1671018276762	46.966087881064674
643.1679721496954	46.87919511885661
644.1688424717145	46.79275673109344
645.1697127937337	46.70676907207796
646.1705831157528	46.62122853316111
647.171453437772	46.53613154229816
648.1723237597911	46.451474563611136
649.1731940818103	46.36725409695714
650.1740644038294	46.28346667750255
651.1749347258485	46.20010887530299
652.1758050478677	46.11717729488904
653.1766753698869	46.03466857485744
654.1775456919061	45.95257938746801
655.1784160139251	45.8709064382458
656.1792863359443	45.789646465588675
657.1801566579634	45.7087962403803
658.1810269799826	45.62835256560809
659.1818973020017	45.548312275986504
660.1827676240209	45.4686722375852
661.18363794604	45.38942934746231
662.1845082680592	45.31058053330243
663.1853785900784	45.23212275305968
664.1862489120974	45.15405299460524
665.1871192341166	45.07636827537973
666.1879895561358	44.99906564205021
667.188859878155	44.922142170171604
668.189730200174	44.845594963852704
669.1906005221932	44.76942115542646
670.1914708442123	44.693617905124846
671.1923411662315	44.618182400757654
672.1932114882507	44.54311185739587
673.1940818102698	44.46840351705892
674.1949521322889	44.3940546484062
675.1958224543081	44.320062546432425
676.1966927763273	44.24642453216725
677.1975630983463	44.17313795237855
678.1984334203655	44.10020017927961
679.1993037423847	44.02760861024027
680.2001740644039	43.95536066750157
681.201044386423	43.88345379789436
682.2019147084421	43.81188547256127
683.2027850304612	43.74065318668251
684.2036553524804	43.66975445920503
685.2045256744996	43.599186832575306
686.2053959965187	43.52894787247543
687.2062663185378	43.45903516756268
688.207136640557	43.38944632921234
689.2080069625762	43.32017899126393
690.2088772845952	43.25123080977054
691.2097476066144	43.18259946275142
692.2106179286336	43.1142826499478
693.2114882506528	43.046278092581666
694.2123585726719	42.97858353311768
695.213228894691	42.91119673502808
696.2140992167101	42.84411548256066
697.2149695387293	42.77733758050949
698.2158398607485	42.71086085398873
699.2167101827677	42.64468314820912
700.2175805047867	42.57880232825743
701.2184508268059	42.51321627887856
702.2193211488251	42.44792290426042
703.2201914708442	42.38292012782154
704.2210617928633	42.318205892001245
705.2219321148825	42.25377815805253
706.2228024369017	42.189634905837515
707.2236727589208	42.12577413362535
708.22454308094	42.06219385789271
709.225413402959	41.998892113126836
710.2262837249782	41.93586695163079
711.2271540469974	41.87311644333137
712.2280243690166	41.810638675589246
713.2288946910357	41.748431753011474
714.2297650130548	41.686493797266344
715.2306353350739	41.62482294690042
716.2315056570931	41.56341735715797
717.2323759791122	41.50227519980243
718.2332463011314	41.441394662940276
719.2341166231506	41.380773950846795
720.2349869451697	41.32041128379417
721.2358572671889	41.2603048978816
722.2367275892079	41.20045304486746
723.2375979112271	41.14085399200354
724.2384682332463	41.081506021871284
725.2393385552655	41.02240743221998
726.2402088772847	40.96355653580694
727.2410791993037	40.904951660239675
728.2419495213229	40.84659114781975
729.242819843342	40.788473355388845
730.2436901653612	40.73059665417636
731.2445604873803	40.672959429649055
732.2454308093995	40.615560081362375
733.2463011314186	40.55839702281365
734.2471714534378	40.50146868129696
735.2480417754568	40.44477349775976
736.248912097476	40.38830992666127
737.2497824194952	40.33207643583246
738.2506527415144	40.276071506337786
739.2515230635336	40.22029363233848
740.2523933855526	40.16474132095757
741.2532637075718	40.1094130921463
742.2541340295909	40.05430747855244
743.2550043516101	39.99942302538982
744.2558746736293	39.9447582903096
745.2567449956484	39.890311843273054
746.2576153176675	39.836082266425706
747.2584856396867	39.78206815397309
748.2593559617058	39.72826811205791
749.2602262837249	39.67468075863861
750.2610966057441	39.6213047233694
751.2619669277633	39.56813864748169
752.2628372497825	39.515181183666826
753.2637075718015	39.46243099596035
754.2645778938207	39.40988675962735
755.2654482158398	39.35754716104943
756.266318537859	39.30541089761279
757.2671888598782	39.25347667759765
758.2680591818973	39.20174322006897
759.2689295039164	39.15020925476845
760.2697998259356	39.09887352200765
761.2706701479547	39.047734772562585
762.2715404699738	38.9967917675692
763.272410791993	38.94604327842034
764.2732811140122	38.89548808666376
765.2741514360314	38.84512498390129
766.2750217580505	38.79495277168918
767.2758920800696	38.744970261439605
768.2767624020887	38.695176274323266
769.2776327241079	38.645569641173076
770.2785030461271	38.59614920238897
771.2793733681463	38.54691380784383
772.2802436901654	38.49786231679036
773.2811140121845	38.44899359776912
774.2819843342036	38.400306528517575
775.2828546562228	38.35179999588016
776.2837249782419	38.30347289571928
777.2845953002611	38.255324132827496
778.2854656222803	38.20735262084054
779.2863359442994	38.159557282151276
780.2872062663185	38.111937047824824
781.2880765883376	38.06449085751441
782.2889469103568	38.01721765937829
783.289817232376	37.970116409997566
784.2906875543952	37.92318607429489
785.2915578764143	37.87642562545413
786.2924281984334	37.82983404484085
787.2932985204525	37.78341032192371
788.2941688424717	37.73715345419679
789.2950391644908	37.69106244710268
790.29590948651	37.645136313956456
791.2967798085292	37.59937407587053
792.2976501305483	37.55377476168025
793.2985204525675	37.508337407870414
794.2993907745865	37.4630610585025
795.3002610966057	37.41794476514274
796.3011314186249	37.37298758679099
797.3020017406441	37.32818858981035
798.3028720626633	37.28354684785757
799.3037423846823	37.23906144181421
800.3046127067014	37.19473145971852
801.3054830287206	37.150555996698124
802.3063533507398	37.106534154903414
803.3072236727589	37.06266504344159
804.3080939947781	37.018947778311535
805.3089643167972	36.97538148233932
806.3098346388164	36.931965285114366
807.3107049608354	36.88869832292645
808.3115752828546	36.845579738703194
809.3124456048738	36.8026086819484
810.313315926893	36.759784308680885
811.3141862489122	36.71710578137415
812.3150565709312	36.6745722688965
813.3159268929503	36.63218294645198
814.3167972149695	36.589936995521796
815.3176675369887	36.547833603806545
816.3185378590078	36.50587196516883
817.319408181027	36.46405127957664
818.3202785030461	36.42237075304732
819.3211488250653	36.380829597592076
820.3220191470843	36.33942703116112
821.3228894691035	36.29816227758938
822.3237597911227	36.25703456654273
823.3246301131419	36.21604313346492
824.3255004351611	36.17518721952493
825.3263707571801	36.13446607156491
826.3272410791992	36.09387894204876
827.3281114012184	36.05342508901109
828.3289817232376	36.01310377600689
829.3298520452568	35.97291427206156
830.3307223672759	35.93285585162159
831.331592689295	35.89292779450572
832.3324630113142	35.85312938585651
833.3333333333333	35.81345991609262
834.3342036553524	35.77391868086136
835.3350739773716	35.73450498099192
836.3359442993908	35.69521812244894
837.33681462141	35.65605741628668
838.337684943429	35.61702217860356
839.3385552654481	35.57811173049726
840.3394255874673	35.53932539802019
841.3402959094865	35.500662512135534
842.3411662315057	35.46212240867363
843.3420365535248	35.4237044282889
844.3429068755439	35.38540791641713
845.3437771975631	35.34723222323322
846.3446475195822	35.30917670360946
847.3455178416013	35.27124071707402
848.3463881636205	35.233423627770144
849.3472584856397	35.19572480441547
850.3481288076589	35.158143620261995
851.348999129678	35.1206794530563
852.349869451697	35.0833316850003
853.3507397737162	35.046099702712254
854.3516100957354	35.00898289718828
855.3524804177546	34.971980663764214
856.3533507397738	34.93509240207788
857.3542210617928	34.89831751603169
858.355091383812	34.86165541375568
859.3559617058311	34.82510550757086
860.3568320278503	34.788667213953026
861.3577023498694	34.752339953496794
862.3585726718886	34.71612315088011
863.3594429939078	34.680016234829125
864.3603133159269	34.644018638083274
865.3611836379459	34.608129797360895
866.3620539599651	34.57234915332505
867.3629242819843	34.53667615054974
868.3637946040035	34.50111023748649
869.3646649260227	34.4656508664312
870.3655352480417	34.43029749349134
871.3664055700609	34.3950495785535
872.36727589208	34.35990658525124
873.3681462140992	34.32486798093329
874.3690165361184	34.28993323663199
875.3698868581375	34.25510182703209
876.3707571801567	34.22037323043993
877.3716275021758	34.18574692875274
878.372497824195	34.1512224074284
879.373368146214	34.116799155455475
880.3742384682332	34.08247666532343
881.3751087902524	34.04825443299333
882.3759791122716	34.014131957868614
883.3768494342906	33.98010874276633
884.3777197563098	33.9461842938885
885.3785900783289	33.91235812079393
886.3794604003481	33.878629736370144
887.3803307223673	33.844998656805664
888.3812010443864	33.811464401562546
889.3820713664056	33.77802649334918
890.3829416884247	33.74468445809336
891.3838120104439	33.711437824915606
892.384682332463	33.67828612610276
893.3855526544821	33.64522889708175
894.3864229765013	33.6122656763938
895.3872932985205	33.57939600566865
896.3881636205396	33.546619429599204
897.3890339425587	33.51393549591636
898.3899042645778	33.48134375536404
899.390774586597	33.44884376167449
900.3916449086162	33.416435071543894
901.3925152306354	33.38411724460807
902.3933855526545	33.35188984341852
903.3942558746736	33.31975243341863
904.3951261966928	33.28770458292015
905.3959965187119	33.25574586307991
906.396866840731	33.22387584787664
907.3977371627502	33.192094114088185
908.3986074847694	33.16040024126876
909.3994778067886	33.12879381172658
910.4003481288077	33.09727441050156
911.4012184508267	33.06584162534333
912.4020887728459	33.034495046689386
913.4029590948651	33.00323426764351
914.4038294168843	32.97205888395433
915.4046997389034	32.94096849399411
916.4055700609225	32.909962698737765
917.4064403829417	32.879041101742
918.4073107049608	32.84820330912475
919.40818102698	32.81744892954466
920.4090513489991	32.78677757418097
921.4099216710183	32.75618885671333
922.4107919930375	32.72568239330205
923.4116623150566	32.695257802568335
924.4125326370756	32.664914705574844
925.4134029590948	32.634652725806326
926.414273281114	32.60447148915053
927.4151436031332	32.574370623879204
928.4160139251524	32.544349760629316
929.4168842471714	32.51440853238447
930.4177545691906	32.484546574456395
931.4186248912097	32.45476352446675
932.4194952132289	32.42505902232896
933.420365535248	32.39543271023031
934.4212358572672	32.36588423261415
935.4221061792864	32.33641323616228
936.4229765013055	32.30701936977752
937.4238468233245	32.27770228456638
938.4247171453437	32.248461633821954
939.4255874673629	32.21929707300694
940.4264577893821	32.190208259736785
941.4273281114013	32.161194853763035
942.4281984334203	32.13225651695684
943.4290687554395	32.10339291329249
944.4299390774586	32.074603708831305
945.4308093994778	32.04588857170546
946.431679721497	32.017247172102124
947.4325500435161	31.988679182247644
948.4334203655353	31.960184276391846
949.4342906875544	31.931762130792645
950.4351610095734	31.90341242370055
951.4360313315926	31.875134835343516
952.4369016536118	31.846929047911818
953.437771975631	31.818794745543123
954.4386422976502	31.790731614307614
955.4395126196692	31.762739342193345
956.4403829416884	31.734817619091643
957.4412532637075	31.706966136782718
958.4421235857267	31.67918458892131
959.4429939077459	31.651472671022535
960.443864229765	31.623830080447856
961.4447345517842	31.596256516391115
962.4456048738033	31.568751679864768
963.4464751958225	31.541315273686156
964.4473455178415	31.513947002464
965.4482158398607	31.486646572584913
966.4490861618799	31.459413692200098
967.449956483899	31.432248071212154
968.4508268059182	31.405149421261957
969.4516971279373	31.378117455715707
970.4525674499565	31.351151889652048
971.4534377719756	31.324252439849353
972.4543080939948	31.297418824773025
973.455178416014	31.270650764563054
974.456048738033	31.243947981021524
975.4569190600522	31.217310197600337
976.4577893820714	31.190737139389007
977.4586597040905	31.16422853310257
978.4595300261096	31.13778410706957
979.4604003481288	31.11140359122019
980.4612706701479	31.085086717074486
981.4621409921671	31.058833217730633
982.4630113141862	31.032642827853444
983.4638816362054	31.00651528366279
984.4647519582245	30.980450322922287
985.4656222802437	30.95444768492797
986.4664926022629	30.928507110497137
987.4673629242819	30.90262834195722
988.4682332463011	30.87681112313482
989.4691035683203	30.85105519934478
990.4699738903394	30.82536031737941
991.4708442123585	30.799726225497707
992.4717145343777	30.774152673414807
993.4725848563968	30.748639412291396
994.473455178416	30.723186194723265
995.4743255004352	30.697792774730996
996.4751958224543	30.672458907749647
997.4760661444734	30.6471843506186
998.4769364664926	30.621968861571432
999.4778067885118	30.59681220022596
1000.4786771105308	30.571714127574253
1001.47954743255	30.546674405972837
1002.4804177545692	30.52169279913293
1003.4812880765883	30.496769072110734
1004.4821583986075	30.47190299129787
1005.4830287206266	30.447094324411864
1006.4838990426458	30.42234284048671
1007.4847693646649	30.397648309863495
1008.4856396866841	30.373010504181142
1009.4865100087032	30.348429196367206
1010.4873803307223	30.323904160628754
1011.4882506527415	30.29943517244333
1012.4891209747607	30.275022008549943
1013.4899912967797	30.25066444694021
1014.4908616187989	30.226362266849556
1015.4917319408181	30.202115248748363
1016.4926022628372	30.177923174333444
1017.4934725848564	30.15378582651929
1018.4943429068755	30.129702989429642
1019.4952132288947	30.10567444838898
1020.4960835509138	30.081699989914156
1021.496953872933	30.057779401706032
1022.4978241949522	30.03391247264127
1023.4986945169712	30.010098992764107
1024.4995648389904	29.986338753278275
1025.5004351610096	29.96263154653893
1026.5013054830288	29.938977166044616
1027.502175805048	29.915375406429447
1028.5030461270671	29.89182606345516
1029.503916449086	29.868328934003383
1030.5047867711053	29.84488381606783
1031.5056570931245	29.821490508746738
1032.5065274151436	29.79814881223518
1033.5073977371626	29.774858527817578
1034.5082680591818	29.751619457860166
1035.509138381201	29.728431405803626
1036.5100087032201	29.70529417615571
1037.5108790252393	29.68220757448392
1038.5117493472585	29.65917140740832
1039.5126196692777	29.636185482594268
1040.5134899912969	29.613249608745377
1041.514360313316	29.590363595596408
1042.515230635335	29.56752725390627
1043.5161009573542	29.54474039545104
1044.5169712793734	29.52200283301712
1045.5178416013925	29.49931438039434
1046.5187119234115	29.476674852369225
1047.5195822454307	29.454084064718177
1048.5204525674499	29.431541834200907
1049.521322889469	29.40904797855372
1050.5221932114882	29.386602316482993
1051.5230635335074	29.36420466765862
1052.5239338555266	29.34185485270757
1053.5248041775458	29.319552693207452
1054.525674499565	29.29729801168017
1055.526544821584	29.275090631585584
1056.527415143603	29.25293037731525
1057.5282854656223	29.230817074186216
1058.5291557876415	29.208750548434846
1059.5300261096604	29.186730627210718
1060.5308964316796	29.16475713857051
1061.5317667536988	29.14282991147202
1062.532637075718	29.120948775768188
1063.5335073977371	29.09911356220115
1064.5343777197563	29.077324102396393
1065.5352480417755	29.05558022885684
1066.5361183637947	29.033881774957155
1067.5369886858139	29.012228574937946
1068.5378590078328	28.9906204639001
1069.538729329852	28.96905727779906
1070.5395996518712	28.94753885343929
1071.5404699738904	28.926065028468702
1072.5413402959093	28.90463564137307
1073.5422106179285	28.883250531470605
1074.5430809399477	28.861909538906502
1075.5439512619669	28.840612504647556
1076.544821583986	28.819359270476777
1077.5456919060052	28.798149678988114
1078.5465622280244	28.776983573581152
1079.5474325500436	28.755860798455913
1080.5483028720628	28.734781198607624
1081.549173194082	28.71374461982162
1082.550043516101	28.692750908668202
1083.55091383812	28.671799912497537
1084.5517841601393	28.65089147943468
1085.5526544821582	28.63002545837457
1086.5535248041774	28.609201698977028
1087.5543951261966	28.5884200516619
1088.5552654482158	28.56768036760414
1089.556135770235	28.546982498728983
1090.5570060922541	28.526326297707126
1091.5578764142733	28.505711617949967
1092.5587467362925	28.48513831360487
1093.5596170583117	28.46460623955047
1094.5604873803309	28.444115251392013
1095.5613577023498	28.423665205456746
1096.562228024369	28.40325595878926
1097.5630983463882	28.382887369147014
1098.5639686684071	28.362559294995794
1099.5648389904263	28.34227159550519
1100.5657093124455	28.32202413054415
1101.5665796344647	28.30181676067662
1102.5674499564839	28.28164934715707
1103.568320278503	28.261521751926207
1104.5691906005222	28.24143383760662
1105.5700609225414	28.221385467498497
1106.5709312445606	28.201376505575368
1107.5718015665798	28.181406816479907
1108.5726718885987	28.161476265519692
1109.573542210618	28.141584718663058
1110.574412532637	28.121732042534997
1111.575282854656	28.101918104413034
1112.5761531766752	28.082142772223147
1113.5770234986944	28.062405914535745
1114.5778938207136	28.042707400561657
1115.5787641427328	28.023047100148133
1116.579634464752	28.003424883774944
1117.5805047867711	27.9838406225504
1118.5813751087903	27.96429418820748
1119.5822454308095	27.9447854531
1120.5831157528287	27.925314290198735
1121.5839860748476	27.905880573087636
1122.5848563968668	27.886484175960042
1123.585726718886	27.86712497361494
1124.586597040905	27.84780284145323
1125.5874673629241	27.828517655474048
1126.5883376849433	27.809269292271075
1127.5892080069625	27.790057629028908
1128.5900783289817	27.770882543519438
1129.5909486510009	27.75174391409827
1130.59181897302	27.73264161970116
1131.5926892950392	27.713575539840473
1132.5935596170584	27.694545554601675
1133.5944299390776	27.67555154463984
1134.5953002610966	27.656593391176223
1135.5961705831157	27.63767097599476
1136.597040905135	27.61878418143873
1137.5979112271539	27.599932890407327
1138.598781549173	27.58111698635231
1139.5996518711922	27.562336353274677
1140.6005221932114	27.54359087572134
1141.6013925152306	27.52488043878182
1142.6022628372498	27.50620492808503
1143.603133159269	27.487564229796003
1144.6040034812881	27.468958230612664
1145.6048738033073	27.450386817762645
1146.6057441253265	27.431849879000143
1147.6066144473455	27.41334730260273
1148.6074847693646	27.39487897736824
1149.6083550913838	27.376444792611654
1150.6092254134028	27.35804463816206
1151.610095735422	27.339678404359535
1152.6109660574411	27.32134598205217
1153.6118363794603	27.303047262592973
1154.6127067014795	27.284782137836956
1155.6135770234987	27.26655050013811
1156.6144473455179	27.24835224234648
1157.615317667537	27.23018725780519
1158.6161879895562	27.212055440347598
1159.6170583115754	27.19395668429435
1160.6179286335944	27.17589088445054
1161.6187989556136	27.157857936102836
1162.6196692776327	27.139857735016673
1163.6205395996517	27.12189017743344
1164.6214099216709	27.10395516006767
1165.62228024369	27.086052580104308
1166.6231505657092	27.068182335195903
1167.6240208877284	27.050344323459946
1168.6248912097476	27.032538443476092
1169.6257615317668	27.014764594283516
1170.626631853786	26.99702267537821
1171.6275021758051	26.979312586710332
1172.6283724978243	26.96163422868158
1173.6292428198433	26.94398750214255
1174.6301131418625	26.926372308390185
1175.6309834638816	26.9087885491651
1176.6318537859006	26.891236126649122
1177.6327241079198	26.873714943462677
1178.633594429939	26.856224902662287
1179.6344647519581	26.83876590773804
1180.6353350739773	26.82133786261111
1181.6362053959965	26.803940671631274
1182.6370757180157	26.786574239574463
1183.6379460400349	26.769238471640296
1184.638816362054	26.75193327344966
1185.6396866840732	26.734658551042337
1186.6405570060922	26.71741421087456
1187.6414273281114	26.700200159816646
1188.6422976501306	26.68301630515067
1189.6431679721495	26.665862554568083
1190.6440382941687	26.64873881616741
1191.6449086161879	26.631644998451918
1192.645778938207	26.614581010327324
1193.6466492602262	26.59754676109953
1194.6475195822454	26.580542160472334
1195.6483899042646	26.563567118545194
1196.6492602262838	26.546621545811018
1197.650130548303	26.52970535315387
1198.6510008703222	26.512818451846847
1199.651871192341	26.495960753549856
1200.6527415143603	26.479132170307427
1201.6536118363795	26.462332614546558
1202.6544821583984	26.44556199907462
1203.6553524804176	26.428820237077133
1204.6562228024368	26.412107242115738
1205.657093124456	26.395422928126045
1206.6579634464752	26.378767209415546
1207.6588337684943	26.362140000661572
1208.6597040905135	26.345541216909208
1209.6605744125327	26.328970773569257
1210.6614447345519	26.31242858641619
1211.662315056571	26.295914571586156
1212.66318537859	26.279428645574946
1213.6640557006092	26.262970725236038
1214.6649260226284	26.24654072777857
1215.6657963446473	26.230138570765437
1216.6666666666665	26.213764172111254
1217.6675369886857	26.19741745008052
1218.6684073107049	26.181098323285592
1219.669277632724	26.16480671068484
1220.6701479547432	26.148542531580727
1221.6710182767624	26.132305705617906
1222.6718885987816	26.11609615278135
1223.6727589208008	26.099913793394496
1224.67362924282	26.08375854811739
1225.674499564839	26.067630337944873
1226.675369886858	26.05152908420469
1227.6762402088773	26.035454708555736
1228.6771105308962	26.019407132986235
1229.6779808529154	26.00338627981193
1230.6788511749346	25.987392071674346
1231.6797214969538	25.971424431538967
1232.680591818973	25.95548328269353
1233.6814621409922	25.939568548746244
1234.6823324630113	25.923680153624087
1235.6832027850305	25.90781802157107
1236.6840731070497	25.8919820771465
1237.6849434290689	25.87617224522334
1238.6858137510878	25.86038845098647
1239.686684073107	25.84463061993103
1240.6875543951262	25.82889867786075
1241.6884247171452	25.813192550886292
1242.6892950391643	25.797512165423605
1243.6901653611835	25.78185744819231
1244.6910356832027	25.76622832621404
1245.6919060052219	25.75062472681084
1246.692776327241	25.735046577603615
1247.6936466492602	25.71949380651044
1248.6945169712794	25.703966341745065
1249.6953872932986	25.68846411181529
1250.6962576153178	25.672987045521428
1251.6971279373367	25.65753507195475
1252.697998259356	25.642108120495944
1253.698868581375	25.626706120813566
1254.699738903394	25.611329002862536
1255.7006092254132	25.595976696882627
1256.7014795474324	25.58064913339694
1257.7023498694516	25.565346243210456
1258.7032201914708	25.55006795740848
1259.70409051349	25.534814207355243
1260.7049608355092	25.519584924692392
1261.7058311575283	25.504380041337544
1262.7067014795475	25.48919948948285
1263.7075718015667	25.474043201593535
1264.7084421235857	25.458911110406493
1265.7093124456048	25.44380314892886
1266.710182767624	25.4287192504366
1267.711053089643	25.413659348473114
1268.7119234116622	25.398623376847826
1269.7127937336813	25.38361126963482
1270.7136640557005	25.368622961171482
1271.7145343777197	25.353658386057074
1272.7154046997389	25.338717479151445
1273.716275021758	25.32380017557363
1274.7171453437772	25.308906410700544
1275.7180156657964	25.29403612016564
1276.7188859878156	25.279189239857565
1277.7197563098346	25.26436570591887
1278.7206266318537	25.249565454744683
1279.721496953873	25.234788422981453
1280.7223672758919	25.2200345475256
1281.723237597911	25.205303765522252
1282.7241079199302	25.19059601436399
1283.7249782419494	25.17591123168958
1284.7258485639686	25.161249355382676
1285.7267188859878	25.146610323570606
1286.727589208007	25.13199407462312
1287.7284595300262	25.117400547151153
1288.7293298520453	25.102829680005584
1289.7302001740645	25.08828141227603
1290.7310704960835	25.073755683289626
1291.7319408181027	25.05925243260983
1292.7328111401218	25.04477160003522
1293.733681462141	25.03031312559828
1294.73455178416	25.015876949564245
1295.7354221061792	25.001463012429937
1296.7362924281983	24.987071254922537
1297.7371627502175	24.9727016179985
1298.7380330722367	24.958354042842334
1299.7389033942559	24.944028470865494
1300.739773716275	24.929724843705216
1301.7406440382942	24.915443103223414
1302.7415143603134	24.901183191505503
1303.7423846823324	24.886945050859353
1304.7432550043516	24.872728623814083
1305.7441253263707	24.85853385311904
1306.74499564839	24.844360681742664
1307.7458659704089	24.830209052871364
1308.746736292428	24.816078909908498
1309.7476066144472	24.80197019647323
1310.7484769364664	24.787882856399513
1311.7493472584856	24.77381683373496
1312.7502175805048	24.75977207273985
1313.751087902524	24.74574851788602
1314.7519582245432	24.731746113855863
1315.7528285465623	24.71776480554123
1316.7536988685813	24.703804538042455
1317.7545691906005	24.689865256667293
1318.7554395126197	24.675946906929898
1319.7563098346388	24.66204943454983
1320.7571801566578	24.648172785450996
1321.758050478677	24.634316905760706
1322.7589208006962	24.620481741808632
1323.7597911227153	24.606667240125848
1324.7606614447345	24.592873347443792
1325.7615317667537	24.57910001069335
1326.762402088773	24.565347177003837
1327.763272410792	24.551614793702047
1328.7641427328113	24.537902808311273
1329.7650130548302	24.524211168550373
1330.7658833768494	24.5105398223328
1331.7667536988686	24.49688871776567
1332.7676240208878	24.4832578031488
1333.7684943429067	24.46964702697381
1334.769364664926	24.456056337923137
1335.770234986945	24.442485684869183
1336.7711053089643	24.428935016873325
1337.7719756309834	24.41540428318506
1338.7728459530026	24.401893433241064
1339.7737162750218	24.3884024166643
1340.774586597041	24.374931183263104
1341.7754569190602	24.361479683030343
1342.7763272410791	24.348047866142462
1343.7771975630983	24.334635682958655
1344.7780678851175	24.321243084019954
1345.7789382071367	24.307870020048394
1346.7798085291556	24.294516441946104
1347.7806788511748	24.28118230079448
1348.781549173194	24.267867547853317
1349.7824194952132	24.254572134559965
1350.7832898172323	24.241296012528462
1351.7841601392515	24.228039133548716
1352.7850304612707	24.214801449585657
1353.78590078329	24.20158291277842
1354.786771105309	24.188383475439505
1355.787641427328	24.175203090053948
1356.7885117493472	24.162041709278522
1357.7893820713664	24.148899285940917
1358.7902523933856	24.135775773038937
1359.7911227154045	24.122671123739686
1360.7919930374237	24.10958529137878
1361.792863359443	24.096518229459548
1362.793733681462	24.08346989165225
1363.7946040034813	24.070440231793295
1364.7954743255004	24.057429203884436
1365.7963446475196	24.04443676209202
1366.7972149695388	24.031462860746217
1367.798085291558	24.01850745434023
1368.7989556135772	24.00557049752956
1369.7998259355961	23.99265194513125
1370.8006962576153	23.979751752123082
1371.8015665796345	23.966869873642892
1372.8024369016534	23.95400626498779
1373.8033072236726	23.941160881613417
1374.8041775456918	23.928333679133225
1375.805047867711	23.915524613317743
1376.8059181897302	23.902733640093835
1377.8067885117493	23.889960715543975
1378.8076588337685	23.87720579590555
1379.8085291557877	23.864468837570115
1380.809399477807	23.85174979708272
1381.810269799826	23.839048631141154
1382.811140121845	23.826365296595274
1383.8120104438642	23.813699750446286
1384.8128807658834	23.80105194984608
1385.8137510879023	23.788421852096505
1386.8146214099215	23.775809414648684
1387.8154917319407	23.763214595102344
1388.81636205396	23.750637351205146
1389.817232375979	23.738077640851976
1390.8181026979983	23.72553542208429
1391.8189730200174	23.713010653089434
1392.8198433420366	23.700503292200022
1393.8207136640558	23.688013297893193
1394.821583986075	23.67554062879005
1395.822454308094	23.663085243654923
1396.8233246301131	23.65064710139475
1397.8241949521323	23.638226161058455
1398.8250652741513	23.625822381836265
1399.8259355961704	23.61343572305908
1400.8268059181896	23.601066144197866
1401.8276762402088	23.588713604862974
1402.828546562228	23.576378064803553
1403.8294168842472	23.564059483906906
1404.8302872062663	23.551757822197857
1405.8311575282855	23.539473039838153
1406.8320278503047	23.527205097125844
1407.832898172324	23.51495395449465
1408.8337684943428	23.502719572513396
1409.834638816362	23.49050191188534
1410.8355091383812	23.478300933447642
1411.8363794604002	23.466116598170736
1412.8372497824193	23.4539488671577
1413.8381201044385	23.441797701643722
1414.8389904264577	23.42966306299548
1415.839860748477	23.417544912710564
1416.840731070496	23.405443212416873
1417.8416013925153	23.39335792387208
1418.8424717145344	23.381289008963005
1419.8433420365536	23.369236429705072
1420.8442123585728	23.357200148241755
1421.8450826805918	23.345180126843953
1422.845953002611	23.333176327909484
1423.8468233246301	23.3211887139625
1424.847693646649	23.309217247652935
1425.8485639686683	23.29726189175593
1426.8494342906874	23.285322609171317
1427.8503046127066	23.273399362923055
1428.8511749347258	23.261492116158657
1429.852045256745	23.2496008321487
1430.8529155787642	23.237725474286236
1431.8537859007834	23.225866006086285
1432.8546562228025	23.21402239118529
1433.8555265448217	23.20219459334059
1434.8563968668407	23.190382576429883
1435.8572671888599	23.17858630445071
1436.858137510879	23.16680574151993
1437.859007832898	23.155040851873203
1438.8598781549172	23.143291599864455
1439.8607484769364	23.131557949965394
1440.8616187989555	23.119839866764977
1441.8624891209747	23.108137314968904
1442.863359442994	23.096450259399116
1443.864229765013	23.084778664993287
1444.8651000870323	23.073122496804327
1445.8659704090514	23.061481719999897
1446.8668407310706	23.049856299861872
1447.8677110530896	23.038246201785906
1448.8685813751088	23.026651391280875
1449.869451697128	23.01507183396847
1450.870322019147	23.003507495582635
1451.871192341166	22.991958341969134
1452.8720626631853	22.980424339085037
1453.8729329852044	22.968905452998285
1454.8738033072236	22.95740164988717
1455.8746736292428	22.945912896039896
1456.875543951262	22.934439157854086
1457.8764142732812	22.922980401836334
1458.8772845953004	22.911536594601724
1459.8781549173195	22.900107702873374
1460.8790252393385	22.88869369348199
1461.8798955613577	22.877294533365365
1462.8807658833769	22.865910189567984
1463.8816362053958	22.854540629240525
1464.882506527415	22.843185819639434
1465.8833768494342	22.83184572812645
1466.8842471714534	22.82052032216819
1467.8851174934725	22.809209569335682
1468.8859878154917	22.797913437303947
1469.886858137511	22.786631893851524
1470.88772845953	22.775364906860087
1471.8885987815493	22.764112444313945
1472.8894691035684	22.75287447429967
1473.8903394255874	22.741650965005636
1474.8912097476066	22.730441884721575
1475.8920800696258	22.7192472018382
1476.892950391645	22.708066884846744
1477.8938207136641	22.69690090233855
1478.894691035683	22.685749223004667
1479.8955613577023	22.674611815635377
1480.8964316797214	22.663488649119866
1481.8973020017406	22.652379692445752
1482.8981723237598	22.641284914698677
1483.899042645779	22.63020428506193
1484.899912967798	22.619137772816018
1485.9007832898171	22.608085347338253
1486.9016536118363	22.597046978102384
1487.9025239338555	22.58602263467816
1488.9033942558747	22.575012286730956
1489.9042645778939	22.564015904021378
1490.905134899913	22.55303345640484
1491.906005221932	22.54206491383122
1492.9068755439512	22.53111024634441
1493.9077458659704	22.520169424081992
1494.9086161879895	22.50924241727481
1495.9094865100087	22.498329196246598
1496.910356832028	22.487429731413595
1497.9112271540469	22.476543993284178
1498.912097476066	22.46567195245845
1499.9129677980852	22.454813579627924
1500.9138381201044	22.443968845575075
1501.9147084421236	22.43313772117303
1502.9155787641428	22.422320177385163
1503.916449086162	22.411516185264738
1504.917319408181	22.400725715954533
1505.9181897302	22.3899487406865
1506.9190600522193	22.379185230781356
1507.9199303742384	22.368435157648275
1508.9208006962576	22.357698492784493
1509.9216710182768	22.346975207774953
1510.9225413402958	22.33626527429197
1511.923411662315	22.32556866409486
1512.9242819843341	22.31488534902958
1513.9251523063533	22.304215301028407
1514.9260226283725	22.293558492109554
1515.9268929503917	22.282914894376844
1516.9277632724109	22.27228448001937
1517.9286335944298	22.261667221311132
1518.929503916449	22.251063090610707
1519.9303742384682	22.240472060360908
1520.9312445604874	22.229894103088437
1521.9321148825065	22.219329191403567
1522.9329852045257	22.208777297999788
1523.9338555265447	22.19823839565348
1524.9347258485639	22.187712457223583
1525.935596170583	22.17719945565127
1526.9364664926022	22.166699363959598
1527.9373368146214	22.156212155253222
1528.9382071366406	22.14573780271802
1529.9390774586598	22.13527627962081
1530.9399477806787	22.12482755930901
1531.940818102698	22.11439161521031
1532.941688424717	22.103968420832356
1533.9425587467363	22.093557949762463
1534.9434290687554	22.08316017566726
1535.9442993907746	22.072775072292394
1536.9451697127936	22.0624026134622
1537.9460400348128	22.052042773079414
1538.946910356832	22.041695525124865
1539.9477806788511	22.03136084365713
1540.9486510008703	22.02103870281227
1541.9495213228895	22.010729076803496
1542.9503916449087	22.00043193992088
1543.9512619669276	21.990147266531054
1544.9521322889468	21.97987503107688
1545.953002610966	21.969615208077208
1546.9538729329852	21.95936777212652
1547.9547432550044	21.94913269789466
1548.9556135770235	21.938909960126555
1549.9564838990427	21.92869953364188
1550.9573542210617	21.918501393334793
1551.9582245430809	21.908315514173662
1552.9590948651	21.898141871200732
1553.9599651871192	21.88798043953186
1554.9608355091384	21.877831194356233
1555.9617058311576	21.867694110936085
1556.9625761531765	21.857569164606396
1557.9634464751957	21.847456330774616
1558.964316797215	21.837355584920388
1559.965187119234	21.827266902595277
1560.9660574412533	21.817190259422475
1561.9669277632725	21.80712563109653
1562.9677980852916	21.79707299338307
1563.9686684073106	21.78703232211853
1564.9695387293298	21.77700359320989
1565.970409051349	21.766986782634373
1566.9712793733681	21.756981866439197
1567.9721496953873	21.746988820741315
1568.9730200174065	21.73700762172712
1569.9738903394255	21.727038245652203
1570.9747606614446	21.717080668841078
1571.9756309834638	21.707134867686886
1572.976501305483	21.697200818651208
1573.9773716275022	21.68727849826373
1574.9782419495214	21.677367883122024
1575.9791122715405	21.667468949891262
1576.9799825935595	21.65758167530398
1577.9808529155787	21.64770603615982
1578.9817232375979	21.637842009325254
1579.982593559617	21.627989571733345
1580.9834638816362	21.6181487003835
1581.9843342036554	21.608319372341203
1582.9852045256744	21.59850156473778
1583.9860748476935	21.588695254770133
1584.9869451697127	21.578900419700503
1585.987815491732	21.569117036856206
1586.988685813751	21.559345083629417
1587.9895561357703	21.549584537476914
1588.9904264577895	21.539835375919797
1589.9912967798084	21.53009757654332
1590.9921671018276	21.520371116996557
1591.9930374238468	21.51065597499226
1592.993907745866	21.500952128306537
1593.9947780678851	21.491259554778658
1594.9956483899043	21.481578232310813
1595.9965187119233	21.471908138867857
1596.9973890339425	21.4622492524771
1597.9982593559616	21.45260155122807
1598.9991296779808	21.44296501327224
1600.0	21.433339616822863
