nm	mua[cm-1]
429.0	0.0828
430.0	0.08216
431.0	0.08158
432.0	0.08069000000000001
433.0	0.07927
434.0	0.07832
435.0	0.07721
436.0	0.07652
437.0	0.07623
438.0	0.0756
439.0	0.07474
440.0	0.07383
441.0	0.07244
442.0	0.07104
443.0	0.07
444.0	0.06899
445.0	0.06811
446.0	0.06729
447.0	0.06659
448.0	0.06571
449.0	0.06464
450.0	0.06375
451.0	0.06291000000000001
452.0	0.0621
453.0	0.06135
454.0	0.06049
455.0	0.059500000000000004
456.0	0.05837
457.0	0.057510000000000006
458.0	0.05663000000000001
459.0	0.05593
460.0	0.05523
461.0	0.054130000000000005
462.0	0.05288
463.0	0.05144
464.0	0.049850000000000005
465.0	0.04846
466.0	0.0472
467.0	0.04594
468.0	0.045129999999999997
469.0	0.044340000000000004
470.0	0.04327
471.0	0.04208
472.0	0.040839999999999994
473.0	0.03961
474.0	0.03843
475.0	0.037320000000000006
476.0	0.03635
477.0	0.035339999999999996
478.0	0.03452
479.0	0.03386
480.0	0.03315
481.0	0.03261
482.0	0.031920000000000004
483.0	0.03109
484.0	0.03013
485.0	0.02919
486.0	0.028319999999999998
487.0	0.0275
488.0	0.026760000000000003
489.0	0.02597
490.0	0.025150000000000002
491.0	0.02437
492.0	0.02368
493.0	0.02298
494.0	0.0225
495.0	0.02193
496.0	0.021240000000000002
497.0	0.0206
498.0	0.01998
499.0	0.01942
500.0	0.01906
501.0	0.01875
502.0	0.01828
503.0	0.01776
504.0	0.017240000000000002
505.0	0.01683
506.0	0.016479999999999998
507.0	0.016200000000000003
508.0	0.01576
509.0	0.015340000000000001
510.0	0.015009999999999999
511.0	0.014750000000000001
512.0	0.014570000000000001
513.0	0.01432
514.0	0.01403
515.0	0.013680000000000001
516.0	0.013300000000000001
517.0	0.01298
518.0	0.012700000000000001
519.0	0.01246
520.0	0.012310000000000001
521.0	0.012110000000000001
522.0	0.011890000000000001
523.0	0.01165
524.0	0.01145
525.0	0.011319999999999998
526.0	0.01113
527.0	0.01091
528.0	0.01064
529.0	0.01042
530.0	0.01031
531.0	0.010169999999999998
532.0	0.01002
533.0	0.00991
534.0	0.00984
535.0	0.00978
536.0	0.0097
537.0	0.00951
538.0	0.009290000000000001
539.0	0.009130000000000001
540.0	0.008960000000000001
541.0	0.0088
542.0	0.00864
543.0	0.00849
544.0	0.0084
545.0	0.00833
546.0	0.00828
547.0	0.00822
548.0	0.00805
549.0	0.007850000000000001
550.0	0.007730000000000001
551.0	0.0076300000000000005
552.0	0.0076
553.0	0.00757
554.0	0.0074600000000000005
555.0	0.00733
556.0	0.00724
557.0	0.00718
558.0	0.0070999999999999995
559.0	0.007039999999999999
560.0	0.00698
561.0	0.0069
562.0	0.0068200000000000005
563.0	0.006730000000000001
564.0	0.006620000000000001
565.0	0.00653
566.0	0.00647
567.0	0.00641
568.0	0.00636
569.0	0.0063
570.0	0.0062900000000000005
571.0	0.0063300000000000006
572.0	0.00639
573.0	0.00632
574.0	0.00613
575.0	0.005889999999999999
576.0	0.00573
577.0	0.005620000000000001
578.0	0.00563
579.0	0.005659999999999999
580.0	0.005659999999999999
581.0	0.005639999999999999
582.0	0.005620000000000001
583.0	0.005620000000000001
584.0	0.00557
585.0	0.0054800000000000005
586.0	0.005410000000000001
587.0	0.0053
588.0	0.005200000000000001
589.0	0.00512
590.0	0.00502
591.0	0.00493
592.0	0.00488
593.0	0.00485
594.0	0.00486
595.0	0.00487
596.0	0.00479
597.0	0.00472
598.0	0.0046700000000000005
599.0	0.00462
600.0	0.00466
601.0	0.00471
602.0	0.00479
603.0	0.00487
604.0	0.00487
605.0	0.00484
606.0	0.0048
607.0	0.00475
608.0	0.0047
609.0	0.00469
610.0	0.00464
611.0	0.00458
612.0	0.004540000000000001
613.0	0.00442
614.0	0.00427
615.0	0.00422
616.0	0.00423
617.0	0.0043
618.0	0.00437
619.0	0.00435
620.0	0.0043
621.0	0.00425
622.0	0.00433
623.0	0.0044
624.0	0.00438
625.0	0.00432
626.0	0.00426
627.0	0.00424
628.0	0.00426
629.0	0.00428
630.0	0.00428
631.0	0.00429
632.0	0.00437
633.0	0.00444
634.0	0.0044
635.0	0.0043100000000000005
636.0	0.0042
637.0	0.00422
638.0	0.00433
639.0	0.00446
640.0	0.004520000000000001
641.0	0.0045000000000000005
642.0	0.00449
643.0	0.00453
644.0	0.0046
645.0	0.0046500000000000005
646.0	0.00464
647.0	0.00464
648.0	0.00464
649.0	0.0046500000000000005
650.0	0.00471
651.0	0.00472
652.0	0.0046700000000000005
653.0	0.00464
654.0	0.00457
655.0	0.0044800000000000005
656.0	0.00438
657.0	0.00428
658.0	0.00424
659.0	0.00422
660.0	0.00418
661.0	0.00414
662.0	0.00413
663.0	0.00414
664.0	0.00419
665.0	0.00428
666.0	0.00439
667.0	0.00447
668.0	0.004520000000000001
669.0	0.00453
670.0	0.0045000000000000005
671.0	0.004520000000000001
672.0	0.00457
673.0	0.00462
674.0	0.0046300000000000004
675.0	0.00457
676.0	0.00446
677.0	0.00433
678.0	0.00422
679.0	0.00413
680.0	0.00406
681.0	0.00398
682.0	0.00387
683.0	0.00375
684.0	0.0037
685.0	0.00369
686.0	0.00366
687.0	0.00361
688.0	0.0035399999999999997
689.0	0.00348
690.0	0.0034200000000000003
691.0	0.00338
692.0	0.00335
693.0	0.0033100000000000004
694.0	0.0032800000000000004
695.0	0.0032400000000000003
696.0	0.00321
697.0	0.0032400000000000003
698.0	0.0032700000000000003
699.0	0.0032500000000000003
700.0	0.0032300000000000002
701.0	0.0032
702.0	0.00319
703.0	0.00322
704.0	0.0032600000000000003
705.0	0.0032300000000000002
706.0	0.00318
707.0	0.00313
708.0	0.0031
709.0	0.00311
710.0	0.00315
711.0	0.0032
712.0	0.00321
713.0	0.0032
714.0	0.00321
715.0	0.0032600000000000003
716.0	0.00334
717.0	0.0034300000000000003
718.0	0.0035099999999999997
719.0	0.00358
720.0	0.00367
721.0	0.00376
722.0	0.00383
723.0	0.0039000000000000003
724.0	0.0040100000000000005
725.0	0.00415
726.0	0.0043
727.0	0.00447
728.0	0.0046300000000000004
729.0	0.0048
730.0	0.0049900000000000005
731.0	0.0051600000000000005
732.0	0.005350000000000001
733.0	0.005520000000000001
734.0	0.005639999999999999
735.0	0.0057599999999999995
736.0	0.005889999999999999
737.0	0.006
738.0	0.00616
739.0	0.00636
740.0	0.006540000000000001
741.0	0.0068000000000000005
742.0	0.00707
743.0	0.00735
744.0	0.00768
745.0	0.00801
746.0	0.00837
747.0	0.00874
748.0	0.009080000000000001
749.0	0.00941
750.0	0.00972
751.0	0.01001
752.0	0.0103
753.0	0.01059
754.0	0.01089
755.0	0.011200000000000002
756.0	0.011550000000000001
757.0	0.011899999999999999
758.0	0.012270000000000001
759.0	0.012580000000000001
760.0	0.01278
761.0	0.012889999999999999
762.0	0.0129
763.0	0.01273
764.0	0.012490000000000001
765.0	0.01206
766.0	0.01153
767.0	0.01089
768.0	0.010209999999999999
769.0	0.00948
770.0	0.00871
771.0	0.007930000000000001
772.0	0.00719
773.0	0.00653
774.0	0.00596
775.0	0.00553
776.0	0.00515
777.0	0.00481
778.0	0.00451
779.0	0.00426
780.0	0.00409
781.0	0.00391
782.0	0.00378
783.0	0.00366
784.0	0.0036
785.0	0.00357
786.0	0.0035499999999999998
787.0	0.0035299999999999997
788.0	0.00349
789.0	0.00346
790.0	0.00346
791.0	0.00347
792.0	0.00347
793.0	0.00347
794.0	0.0035199999999999997
795.0	0.00359
796.0	0.00369
797.0	0.00379
798.0	0.00387
799.0	0.00393
800.0	0.004030000000000001
801.0	0.00413
802.0	0.00424
803.0	0.00434
804.0	0.00442
805.0	0.004540000000000001
806.0	0.0046700000000000005
807.0	0.00482
808.0	0.0049700000000000005
809.0	0.00511
810.0	0.00527
811.0	0.005470000000000001
812.0	0.00567
813.0	0.00583
814.0	0.00594
815.0	0.00603
816.0	0.00615
817.0	0.0063300000000000006
818.0	0.006540000000000001
819.0	0.00674
820.0	0.0069099999999999995
821.0	0.0070799999999999995
822.0	0.00724
823.0	0.0074
824.0	0.00758
825.0	0.007750000000000001
826.0	0.00786
827.0	0.00796
828.0	0.00799
829.0	0.008020000000000001
830.0	0.00803
831.0	0.00803
832.0	0.00801
833.0	0.007940000000000001
834.0	0.007850000000000001
835.0	0.007750000000000001
836.0	0.00764
837.0	0.00757
838.0	0.00751
839.0	0.00739
840.0	0.00726
841.0	0.00715
842.0	0.00703
843.0	0.00692
844.0	0.006850000000000001
845.0	0.0067800000000000004
846.0	0.006690000000000001
847.0	0.00661
848.0	0.00651
849.0	0.00643
850.0	0.006370000000000001
851.0	0.0063300000000000006
852.0	0.00632
853.0	0.0063100000000000005
854.0	0.0063300000000000006
855.0	0.00639
856.0	0.00647
857.0	0.006560000000000001
858.0	0.006620000000000001
859.0	0.00666
860.0	0.00674
861.0	0.0068000000000000005
862.0	0.0069
863.0	0.00705
864.0	0.00724
865.0	0.00751
866.0	0.00786
867.0	0.00822
868.0	0.0086
869.0	0.00899
870.0	0.00938
871.0	0.00979
872.0	0.01022
873.0	0.010740000000000001
874.0	0.01133
875.0	0.01198
876.0	0.01264
877.0	0.01345
878.0	0.0143
879.0	0.015269999999999999
880.0	0.01636
881.0	0.01752
882.0	0.01867
883.0	0.01992
884.0	0.02121
885.0	0.02262
886.0	0.02414
887.0	0.02581
888.0	0.027540000000000002
889.0	0.02932
890.0	0.03116
891.0	0.03305
892.0	0.034910000000000004
893.0	0.03674
894.0	0.03833
895.0	0.039830000000000004
896.0	0.041210000000000004
897.0	0.04256
898.0	0.043840000000000004
899.0	0.04506
900.0	0.04633
901.0	0.04766
902.0	0.04915
903.0	0.050780000000000006
904.0	0.05267
905.0	0.054720000000000005
906.0	0.057210000000000004
907.0	0.05994
908.0	0.06316
909.0	0.06663000000000001
910.0	0.07046000000000001
911.0	0.07438
912.0	0.07837
913.0	0.08234
914.0	0.08621000000000001
915.0	0.08994
916.0	0.09354
917.0	0.09683
918.0	0.1
919.0	0.1032
920.0	0.10650000000000001
921.0	0.1099
922.0	0.1133
923.0	0.1167
924.0	0.12
925.0	0.1231
926.0	0.126
927.0	0.1282
928.0	0.12990000000000002
929.0	0.1307
930.0	0.131
931.0	0.12990000000000002
932.0	0.1283
933.0	0.1253
934.0	0.1218
935.0	0.11750000000000001
936.0	0.1126
937.0	0.107
938.0	0.1008
939.0	0.09433
940.0	0.08753999999999999
941.0	0.08088
942.0	0.07446
943.0	0.06822
944.0	0.0625
945.0	0.05704
946.0	0.05234
947.0	0.04802
948.0	0.04445
949.0	0.04109
950.0	0.03799
951.0	0.03519
952.0	0.03274
953.0	0.030459999999999997
954.0	0.02852
955.0	0.02666
956.0	0.02504
957.0	0.02358
958.0	0.02242
959.0	0.021330000000000002
960.0	0.020470000000000002
961.0	0.01975
962.0	0.01917
963.0	0.018600000000000002
964.0	0.018080000000000002
965.0	0.01753
966.0	0.01693
967.0	0.016390000000000002
968.0	0.01589
969.0	0.01554
970.0	0.01528
971.0	0.0151
972.0	0.014910000000000001
973.0	0.01463
974.0	0.014310000000000002
975.0	0.01413
976.0	0.014079999999999999
977.0	0.01414
978.0	0.01421
979.0	0.014230000000000001
980.0	0.01417
981.0	0.014070000000000001
982.0	0.01406
983.0	0.014199999999999999
984.0	0.014410000000000001
985.0	0.014810000000000002
986.0	0.01524
987.0	0.01564
988.0	0.01607
989.0	0.01652
990.0	0.01716
991.0	0.017929999999999998
992.0	0.01891
993.0	0.01994
994.0	0.020870000000000003
995.0	0.02178
996.0	0.022719999999999997
997.0	0.02366
998.0	0.02464
999.0	0.0256
1000.0	0.02654
1002.0	0.03908
1004.0	0.04621
1006.0	0.0456
1008.0	0.0505599999999999
1010.0	0.0531699999999999
1012.0	0.05819
1014.0	0.06757
1016.0	0.0677
1018.0	0.07047
1020.0	0.07867
1022.0	0.07617
1024.0	0.07785
1026.0	0.07978
1028.0	0.08141
1030.0	0.09062
1032.0	0.0897
1034.0	0.0939
1036.0	0.09667
1038.0	0.0926699999999999
1040.0	0.1003
1042.0	0.1005
1044.0	0.09762
1046.0	0.1023
1048.0	0.09253
1050.0	0.0933
1052.0	0.09297
1054.0	0.08491
1056.0	0.08772
1058.0	0.08403
1060.0	0.08151
1062.0	0.08495
1064.0	0.07149
1066.0	0.0736
1068.0	0.072
1070.0	0.06579
1072.0	0.06973
1074.0	0.06371
1076.0	0.06308
1078.0	0.06665
1080.0	0.05968
1082.0	0.06466
1084.0	0.06262
1086.0	0.05575
1088.0	0.06364
1090.0	0.0549
1092.0	0.05563
1094.0	0.05968
1096.0	0.0482699999999999
1098.0	0.0567
1100.0	0.05558
1102.0	0.05266
1104.0	0.05988
1106.0	0.0527799999999999
1108.0	0.05656
1110.0	0.06298
1112.0	0.05434
1114.0	0.06527
1116.0	0.0645
1118.0	0.06406
1120.0	0.07372
1122.0	0.06934
1124.0	0.07229
1126.0	0.0786
1128.0	0.07867
1130.0	0.09072
1132.0	0.09499
1134.0	0.1002
1136.0	0.1173
1138.0	0.1231
1140.0	0.1429
1142.0	0.1585
1144.0	0.176
1146.0	0.2043
1148.0	0.2315
1150.0	0.273
1152.0	0.3108
1154.0	0.3419
1156.0	0.3809
1158.0	0.422
1160.0	0.4685
1162.0	0.5357
1164.0	0.6001
1166.0	0.6540999999999999
1168.0	0.6927
1170.0	0.7090000000000001
1172.0	0.7091999999999999
1174.0	0.7184
1176.0	0.7434000000000001
1178.0	0.7702
1180.0	0.8119
1182.0	0.866
1184.0	0.9362
1186.0	1.039
1188.0	1.114
1190.0	1.186
1192.0	1.253
1194.0	1.308
1196.0	1.3769999999999998
1198.0	1.4380000000000002
1200.0	1.496
1202.0	1.585
1204.0	1.662
1206.0	1.763
1208.0	1.866
1210.0	1.924
1212.0	1.971
1214.0	1.979
1216.0	1.932
1218.0	1.885
1220.0	1.726
1222.0	1.5490000000000002
1224.0	1.374
1226.0	1.167
1228.0	1.031
1230.0	0.9013
1232.0	0.7814
1234.0	0.7094
1236.0	0.6233000000000001
1238.0	0.5616
1240.0	0.5214
1242.0	0.4617
1244.0	0.4375
1246.0	0.4028
1248.0	0.3611999999999999
1250.0	0.3508
1252.0	0.3214
1254.0	0.2995
1256.0	0.2949
1258.0	0.2582
1260.0	0.2543
1262.0	0.2433
1264.0	0.2203
1266.0	0.2207
1268.0	0.2080999999999999
1270.0	0.1966999999999999
1272.0	0.1994
1274.0	0.1825999999999999
1276.0	0.1851
1278.0	0.1814
1280.0	0.164
1282.0	0.1725
1284.0	0.1631
1286.0	0.1607
1288.0	0.1685
1290.0	0.153
1292.0	0.1523
1294.0	0.1543
1296.0	0.1422
1298.0	0.1469
1300.0	0.1438
1302.0	0.1378
1304.0	0.1403
1306.0	0.1326
1308.0	0.1288
1310.0	0.1324
1312.0	0.1206
1314.0	0.1221
1316.0	0.1208
1318.0	0.1144
1320.0	0.1221
1322.0	0.1127
1324.0	0.1115
1326.0	0.1163
1328.0	0.1099
1330.0	0.1117
1332.0	0.1136
1334.0	0.1093
1336.0	0.1159
1338.0	0.1154
1340.0	0.1142
1342.0	0.1234
1344.0	0.1208
1346.0	0.1283
1348.0	0.1391
1350.0	0.1403
1352.0	0.1581
1354.0	0.1724
1356.0	0.1926999999999999
1358.0	0.2268
1360.0	0.2561
1362.0	0.2853
1364.0	0.3046
1366.0	0.3232
1368.0	0.3549
1370.0	0.4013
1372.0	0.4482
1374.0	0.5052
1376.0	0.5700999999999999
1378.0	0.6356
1380.0	0.7047000000000001
1382.0	0.7657
1384.0	0.8338
1386.0	0.9149
1388.0	1.022
1390.0	1.131
1392.0	1.24
1394.0	1.293
1396.0	1.272
1398.0	1.122
1400.0	1.012
1402.0	0.978
1404.0	0.9735
1406.0	0.9864
1408.0	1.038
1410.0	1.081
1412.0	1.142
1414.0	1.187
1416.0	1.199
1418.0	1.167
1420.0	1.111
1422.0	1.073
1424.0	1.069
1426.0	1.039
1428.0	1.019
1430.0	0.9999
1432.0	0.983
1434.0	0.961
1436.0	0.9388
1438.0	0.9183
1440.0	0.8792
1442.0	0.8326
1444.0	0.7898
1446.0	0.7481
1448.0	0.7135
1450.0	0.6845999999999999
1452.0	0.6676
1454.0	0.6172
1456.0	0.5843
1458.0	0.5578000000000001
1460.0	0.5333
1462.0	0.5104
1464.0	0.4969
1466.0	0.4659
1468.0	0.4392
1470.0	0.4265
1472.0	0.3998
1474.0	0.3927
1476.0	0.3621
1478.0	0.3413
1480.0	0.3359
1482.0	0.3211
1484.0	0.3069
1486.0	0.2953
1488.0	0.2758
1490.0	0.2734999999999999
1492.0	0.2612
1494.0	0.2501
1496.0	0.2426
1498.0	0.239
1500.0	0.2297
1502.0	0.2243
1504.0	0.2199999999999999
1506.0	0.2135
1508.0	0.21
1510.0	0.2102
1512.0	0.2111
1514.0	0.2108
1516.0	0.2096
1518.0	0.2068
1520.0	0.2058
1522.0	0.2061
1524.0	0.2072
1526.0	0.2135
1528.0	0.2071
1530.0	0.2068
1532.0	0.213
1534.0	0.2138
1536.0	0.2213
1538.0	0.2216
1540.0	0.2219
1542.0	0.2208999999999999
1544.0	0.2208999999999999
1546.0	0.2069
1548.0	0.1839
1550.0	0.1747
1552.0	0.1658
1554.0	0.164
1556.0	0.1651
1558.0	0.1646
1560.0	0.1575
1562.0	0.1528
1564.0	0.1523
1566.0	0.1406
1568.0	0.1433
1570.0	0.1432
1572.0	0.143
1574.0	0.1427999999999999
1576.0	0.1313
1578.0	0.1251
1580.0	0.1247
1582.0	0.1196
1584.0	0.1252
1586.0	0.1255
1588.0	0.1245
1590.0	0.1233
1592.0	0.1298
1594.0	0.1324
1596.0	0.1301
1598.0	0.1282
