nm	musp[cm-1]
450.0	21.828985164649282
451.0008703220191	21.767113602863713
452.0017406440383	21.70579492678449
453.00261096605743	21.645022246308546
454.0034812880766	21.58478877507071
455.00435161009574	21.525087828641166
456.00522193211486	21.465912822758195
457.00609225413405	21.407257271595537
458.00696257615317	21.349114786063502
459.0078328981723	21.291479072143165
460.0087032201915	21.234343929252955
461.0095735422106	21.177703248646836
462.0104438642298	21.12155101184354
463.0113141862489	21.065881289086043
464.01218450826804	21.010688237830742
465.0130548302872	20.95596610126566
466.01392515230634	20.90170920685701
467.0147954743255	20.84791196492364
468.01566579634465	20.79456886723861
469.0165361183638	20.74167448565747
470.01740644038296	20.689223470772525
471.0182767624021	20.637210550592727
472.0191470844212	20.585630529248434
473.0200174064404	20.53447828572072
474.0208877284595	20.483748772594573
475.0217580504787	20.433437014835544
476.0226283724978	20.383538108589356
477.02349869451695	20.33404722000399
478.0243690165361	20.28495958407375
479.02523933855525	20.23627050350491
480.02610966057443	20.187975347602446
481.02697998259356	20.14006955117741
482.0278503046127	20.092548613474605
483.02872062663187	20.045408097120003
484.029590948651	19.99864362708764
485.0304612706701	19.952250889685526
486.0313315926893	19.906225631560105
487.0322019147084	19.860563658719077
488.0330722367276	19.815260835571994
489.03394255874673	19.77031308398845
490.0348128807659	19.72571638237335
491.03568320278504	19.68146676475906
492.03655352480416	19.637560319913966
493.03742384682334	19.59399319046721
494.03829416884247	19.550761572049215
495.0391644908616	19.507861712447735
496.0400348128808	19.46528991077902
497.0409051348999	19.423042516673977
498.041775456919	19.38111592947877
499.0426457789382	19.339506597469846
500.04351610095733	19.298211017082895
501.0443864229765	19.257225732155526
502.04525674499564	19.216547333183478
503.0461270670148	19.17617245658994
504.04699738903395	19.13609778400785
505.0478677110531	19.096320041574874
506.04873803307225	19.056835999240775
507.0496083550914	19.01764247008702
508.0504786771105	18.978736309658277
509.0513489991297	18.940114415305672
510.0522193211488	18.90177372554151
511.053089643168	18.863711219405243
512.0539599651871	18.825923915840512
513.0548302872063	18.788408873082986
514.0557006092254	18.751163188058875
515.0565709312446	18.714183995793746
516.0574412532637	18.67746846883171
517.0583115752829	18.641013816664465
518.059181897302	18.604817285170306
519.0600522193212	18.568876156062636
520.0609225413402	18.533187746348084
521.0617928633594	18.497749407793723
522.0626631853786	18.46255852640354
523.0635335073978	18.42761252190374
524.0644038294168	18.392908847236807
525.065274151436	18.358444988064196
526.0661444734552	18.324218462277404
527.0670147954743	18.290226819517382
528.0678851174935	18.256467640701917
529.0687554395126	18.22293853756116
530.0696257615318	18.189637152180794
531.0704960835509	18.156561156552996
532.0713664055701	18.12370825213481
533.0722367275891	18.091076169414
534.0731070496083	18.058662667482057
535.0739773716275	18.0264655336144
536.0748476936467	17.994482582857476
537.0757180156658	17.96271165762277
538.0765883376849	17.931150627287483
539.0774586597041	17.899797387801865
540.0783289817232	17.868649861302963
541.0791993037424	17.837705995734776
542.0800696257616	17.806963764474624
543.0809399477807	17.77642116596566
544.0818102697998	17.746076223355377
545.082680591819	17.715926984140033
546.083550913838	17.685971519814878
547.0844212358572	17.656207925530065
548.0852915578764	17.626634319752146
549.0861618798956	17.59724884393108
550.0870322019147	17.568049662172584
551.0879025239338	17.539034960915842
552.088772845953	17.510202948616335
553.0896431679721	17.481551855433864
554.0905134899913	17.453079932925466
555.0913838120105	17.424785453743386
556.0922541340296	17.396666711337787
557.0931244560487	17.368722019664233
558.0939947780679	17.340949712895867
559.0948651000871	17.313348145140118
560.0957354221061	17.285915690159968
561.0966057441253	17.258650741099565
562.0974760661445	17.231551710214266
563.0983463881636	17.20461702860485
564.0992167101828	17.177845145956013
565.1000870322019	17.151234530278916
566.100957354221	17.1247836676578
567.1018276762402	17.098491062000573
568.1026979982594	17.072355234793314
569.1035683202786	17.046374724858584
570.1044386422976	17.02054808811754
571.1053089643168	16.994873897355724
572.106179286336	16.969350741992503
573.107049608355	16.943977227854113
574.1079199303742	16.918751976950148
575.1087902523934	16.893673627253595
576.1096605744125	16.86874083248417
577.1105308964317	16.843952261895083
578.1114012184509	16.819306600062994
579.1122715404699	16.794802546681257
580.1131418624891	16.770438816356293
581.1140121845083	16.746214138407108
582.1148825065275	16.722127256667843
583.1157528285465	16.69817692929335
584.1166231505657	16.67436192856771
585.1174934725848	16.650681040715682
586.118363794604	16.627133065716983
587.1192341166231	16.603716817123395
588.1201044386423	16.58043112187865
589.1209747606615	16.557274820140968
590.1218450826806	16.534246765108353
591.1227154046998	16.511345822846433
592.1235857267188	16.488570872118938
593.124456048738	16.465920804220694
594.1253263707572	16.44339452281311
595.1261966927764	16.42099094376213
596.1270670147954	16.398708994978577
597.1279373368146	16.37654761626091
598.1288076588337	16.354505759140263
599.1296779808529	16.332582386727836
600.1305483028721	16.31077647356448
601.1314186248912	16.289087005472574
602.1322889469104	16.26751297941003
603.1331592689295	16.246053403326435
604.1340295909487	16.2247072960214
605.1348999129677	16.203473687004855
606.1357702349869	16.182351616359497
607.1366405570061	16.161340134605183
608.1375108790253	16.140438302565343
609.1383812010444	16.119645191235282
610.1392515230635	16.09895988165248
611.1401218450827	16.078381464768693
612.1409921671018	16.057909041323953
613.141862489121	16.03754172172237
614.1427328111401	16.017278625909753
615.1436031331593	15.997118883252963
616.1444734551784	15.977061632421012
617.1453437771976	15.957106021267883
618.1462140992166	15.937251206717024
619.1470844212358	15.917496354647485
620.147954743255	15.897840639781686
621.1488250652742	15.878283245574812
622.1496953872933	15.858823364105746
623.1505657093124	15.839460195969547
624.1514360313316	15.820192950171533
625.1523063533507	15.801020844022752
626.1531766753699	15.781943103037019
627.1540469973891	15.76295896082936
628.1549173194082	15.744067659015935
629.1557876414273	15.725268447115287
630.1566579634465	15.706560582451088
631.1575282854656	15.687943330056145
632.1583986074847	15.669415962577833
633.1592689295039	15.650977760184796
634.1601392515231	15.63262801047498
635.1610095735422	15.614366008384938
636.1618798955614	15.596191056100377
637.1627502175805	15.57810246296801
638.1636205395996	15.560099545408546
639.1644908616188	15.542181626830953
640.165361183638	15.524348037547863
641.1662315056572	15.506598114692185
642.1671018276762	15.488931202134818
643.1679721496954	15.471346650403536
644.1688424717145	15.45384381660298
645.1697127937337	15.436422064335716
646.1705831157528	15.41908076362442
647.171453437772	15.40181929083509
648.1723237597911	15.384637028601341
649.1731940818103	15.367533365749667
650.1740644038294	15.350507697225808
651.1749347258485	15.333559424022049
652.1758050478677	15.316687953105522
653.1766753698869	15.299892697347497
654.1775456919061	15.283173075453599
655.1784160139251	15.266528511895002
656.1792863359443	15.2499584368405
657.1801566579634	15.233462286089553
658.1810269799826	15.217039501006175
659.1818973020017	15.200689528453742
660.1827676240209	15.184411820730663
661.18363794604	15.168205835506921
662.1845082680592	15.15207103576142
663.1853785900784	15.136006889720235
664.1862489120974	15.120012870795614
665.1871192341166	15.10408845752584
666.1879895561358	15.088233133515853
667.188859878155	15.072446387378697
668.189730200174	15.056727712677702
669.1906005221932	15.041076607869444
670.1914708442123	15.025492576247483
671.1923411662315	15.009975125886772
672.1932114882507	14.99452376958889
673.1940818102698	14.9791380248279
674.1949521322889	14.963817413696994
675.1958224543081	14.948561462855759
676.1966927763273	14.933369703478217
677.1975630983463	14.91824167120146
678.1984334203655	14.903176906075002
679.1993037423847	14.888174952510782
680.2001740644039	14.873235359233803
681.201044386423	14.858357679233421
682.2019147084421	14.84354146971524
683.2027850304612	14.82878629205368
684.2036553524804	14.814091711745087
685.2045256744996	14.799457298361515
686.2053959965187	14.784882625505047
687.2062663185378	14.770367270762717
688.207136640557	14.755910815662045
689.2080069625762	14.741512845627087
690.2088772845952	14.727172949935076
691.2097476066144	14.712890721673606
692.2106179286336	14.698665757698379
693.2114882506528	14.68449765859146
694.2123585726719	14.67038602862008
695.213228894691	14.656330475695947
696.2140992167101	14.64233061133512
697.2149695387293	14.62838605061829
698.2158398607485	14.614496412151686
699.2167101827677	14.600661318028354
700.2175805047867	14.586880393790029
701.2184508268059	14.5731532683894
702.2193211488251	14.559479574152896
703.2201914708442	14.545858946743923
704.2210617928633	14.532291025126575
705.2219321148825	14.518775451529761
706.2228024369017	14.505311871411825
707.2236727589208	14.491899933425575
708.22454308094	14.478539289383747
709.225413402959	14.465229594224926
710.2262837249782	14.451970505979842
711.2271540469974	14.438761685738136
712.2280243690166	14.425602797615493
713.2288946910357	14.412493508721203
714.2297650130548	14.399433489126105
715.2306353350739	14.386422411830942
716.2315056570931	14.373459952735095
717.2323759791122	14.36054579060571
718.2332463011314	14.347679607047182
719.2341166231506	14.334861086471026
720.2349869451697	14.322089916066119
721.2358572671889	14.309365785769302
722.2367275892079	14.296688388236323
723.2375979112271	14.284057418813154
724.2384682332463	14.27147257550765
725.2393385552655	14.258933558961559
726.2402088772847	14.246440072422823
727.2410791993037	14.233991821718304
728.2419495213229	14.22158851522673
729.242819843342	14.209229863852075
730.2436901653612	14.19691558099716
731.2445604873803	14.18464538253765
732.2454308093995	14.172418986796306
733.2463011314186	14.160236114517582
734.2471714534378	14.148096488842512
735.2480417754568	14.135999835283878
736.248912097476	14.123945881701719
737.2497824194952	14.111934358279074
738.2506527415144	14.09996499749808
739.2515230635336	14.08803753411627
740.2523933855526	14.076151705143245
741.2532637075718	14.064307249817539
742.2541340295909	14.052503909583818
743.2550043516101	14.040741428070298
744.2558746736293	14.02901955106648
745.2567449956484	14.0173380265011
746.2576153176675	14.005696604420375
747.2584856396867	13.994095036966469
748.2593559617058	13.98253307835624
749.2602262837249	13.971010484860226
750.2610966057441	13.959527014781862
751.2619669277633	13.948082428436974
752.2628372497825	13.936676488133466
753.2637075718015	13.925308958151282
754.2645778938207	13.91397960472257
755.2654482158398	13.902688196012113
756.266318537859	13.891434502097942
757.2671888598782	13.880218294952204
758.2680591818973	13.869039348422247
759.2689295039164	13.857897438211902
760.2697998259356	13.846792341863015
761.2706701479547	13.835723838737161
762.2715404699738	13.82469170999757
763.272410791993	13.813695738591289
764.2732811140122	13.802735709231515
765.2741514360314	13.791811408380141
766.2750217580505	13.780922624230504
767.2758920800696	13.770069146690341
768.2767624020887	13.759250767364895
769.2776327241079	13.748467279540277
770.2785030461271	13.737718478166961
771.2793733681463	13.727004159843498
772.2802436901654	13.716324122800394
773.2811140121845	13.705678166884203
774.2819843342036	13.69506609354174
775.2828546562228	13.684487705804539
776.2837249782419	13.67394280827345
777.2845953002611	13.66343120710339
778.2854656222803	13.652952709988323
779.2863359442994	13.64250712614635
780.2872062663185	13.632094266305
781.2880765883376	13.621713942686664
782.2889469103568	13.611365968994217
783.289817232376	13.601050160396774
784.2906875543952	13.590766333515619
785.2915578764143	13.580514306410281
786.2924281984334	13.570293898564788
787.2932985204525	13.560104930874033
788.2941688424717	13.549947225630325
789.2950391644908	13.539820606510068
790.29590948651	13.529724898560605
791.2967798085292	13.519659928187195
792.2976501305483	13.50962552314013
793.2985204525675	13.499621512501994
794.2993907745865	13.489647726675088
795.3002610966057	13.479703997368937
796.3011314186249	13.469790157588
797.3020017406441	13.459906041619462
798.3028720626633	13.450051485021186
799.3037423846823	13.440226324609782
800.3046127067014	13.430430398448824
801.3054830287206	13.420663545837169
802.3063533507398	13.410925607297433
803.3072236727589	13.401216424564552
804.3080939947781	13.391535840574527
805.3089643167972	13.381883699453212
806.3098346388164	13.372259846505292
807.3107049608354	13.362664128203349
808.3115752828546	13.35309639217704
809.3124456048738	13.343556487202408
810.313315926893	13.334044263191291
811.3141862489122	13.324559571180872
812.3150565709312	13.315102263323293
813.3159268929503	13.305672192875432
814.3167972149695	13.296269214188762
815.3176675369887	13.286893182699306
816.3185378590078	13.277543954917743
817.319408181027	13.268221388419557
818.3202785030461	13.258925341835358
819.3211488250653	13.249655674841234
820.3220191470843	13.240412248149285
821.3228894691035	13.231194923498178
822.3237597911227	13.222003563643863
823.3246301131419	13.212838032350335
824.3255004351611	13.203698194380559
825.3263707571801	13.194583915487417
826.3272410791992	13.185495062404797
827.3281114012184	13.176431502838767
828.3289817232376	13.16739310545883
829.3298520452568	13.158379739889282
830.3307223672759	13.149391276700651
831.331592689295	13.140427587401238
832.3324630113142	13.131488544428729
833.3333333333333	13.122574021141906
834.3342036553524	13.113683891812443
835.3350739773716	13.104818031616787
836.3359442993908	13.09597631662811
837.33681462141	13.08715862380837
838.337684943429	13.078364831000435
839.3385552654481	13.06959481692028
840.3394255874673	13.060848461149288
841.3402959094865	13.052125644126626
842.3411662315057	13.043426247141674
843.3420365535248	13.034750152326568
844.3429068755439	13.026097242648781
845.3437771975631	13.017467401903822
846.3446475195822	13.008860514707965
847.3455178416013	13.000276466491098
848.3463881636205	12.991715143489605
849.3472584856397	12.983176432739338
850.3481288076589	12.974660222068668
851.348999129678	12.966166400091593
852.349869451697	12.957694856200915
853.3507397737162	12.949245480561494
854.3516100957354	12.940818164103586
855.3524804177546	12.932412798516197
856.3533507397738	12.924029276240566
857.3542210617928	12.915667490463669
858.355091383812	12.907327335111802
859.3559617058311	12.899008704844245
860.3568320278503	12.890711495046967
861.3577023498694	12.882435601826387
862.3585726718886	12.874180922003237
863.3594429939078	12.86594735310645
864.3603133159269	12.857734793367111
865.3611836379459	12.849543141712498
866.3620539599651	12.84137229776014
867.3629242819843	12.833222161811975
868.3637946040035	12.825092634848533
869.3646649260227	12.816983618523198
870.3655352480417	12.808895015156514
871.3664055700609	12.800826727730561
872.36727589208	12.792778659883362
873.3681462140992	12.784750715903382
874.3690165361184	12.77674280072404
875.3698868581375	12.768754819918309
876.3707571801567	12.760786679693354
877.3716275021758	12.752838286885206
878.372497824195	12.744909548953533
879.373368146214	12.737000373976423
880.3742384682332	12.729110670645214
881.3751087902524	12.721240348259418
882.3759791122716	12.713389316721651
883.3768494342906	12.705557486532621
884.3777197563098	12.697744768786194
885.3785900783289	12.689951075164469
886.3794604003481	12.682176317932912
887.3803307223673	12.674420409935562
888.3812010443864	12.666683264590247
889.3820713664056	12.658964795883874
890.3829416884247	12.65126491836774
891.3838120104439	12.64358354715292
892.384682332463	12.635920597905661
893.3855526544821	12.628275986842848
894.3864229765013	12.620649630727517
895.3872932985205	12.61304144686438
896.3881636205396	12.605451353095422
897.3890339425587	12.597879267795529
898.3899042645778	12.590325109868168
899.390774586597	12.582788798741076
900.3916449086162	12.575270254362037
901.3925152306354	12.567769397194661
902.3933855526545	12.560286148214228
903.3942558746736	12.55282042890355
904.3951261966928	12.545372161248887
905.3959965187119	12.5379412677359
906.396866840731	12.530527671345636
907.3977371627502	12.523131295550561
908.3986074847694	12.515752064310611
909.3994778067886	12.508389902069307
910.4003481288077	12.501044733749893
911.4012184508267	12.493716484751488
912.4020887728459	12.486405080945323
913.4029590948651	12.479110448670973
914.4038294168843	12.471832514732636
915.4046997389034	12.464571206395455
916.4055700609225	12.457326451381864
917.4064403829417	12.45009817786796
918.4073107049608	12.442886314479944
919.40818102698	12.43569079029055
920.4090513489991	12.428511534815541
921.4099216710183	12.421348478010213
922.4107919930375	12.414201550265958
923.4116623150566	12.407070682406827
924.4125326370756	12.399955805686156
925.4134029590948	12.392856851783208
926.414273281114	12.385773752799828
927.4151436031332	12.37870644125717
928.4160139251524	12.371654850092417
929.4168842471714	12.364618912655557
930.4177545691906	12.357598562706167
931.4186248912097	12.350593734410236
932.4194952132289	12.343604362337024
933.420365535248	12.336630381455945
934.4212358572672	12.329671727133462
935.4221061792864	12.32272833513005
936.4229765013055	12.315800141597126
937.4238468233245	12.308887083074078
938.4247171453437	12.301989096485261
939.4255874673629	12.295106119137056
940.4264577893821	12.28823808871494
941.4273281114013	12.281384943280582
942.4281984334203	12.274546621268984
943.4290687554395	12.267723061485619
944.4299390774586	12.260914203103615
945.4308093994778	12.254119985660953
946.431679721497	12.247340349057708
947.4325500435161	12.24057523355329
948.4334203655353	12.233824579763729
949.4342906875544	12.227088328658972
950.4351610095734	12.220366421560215
951.4360313315926	12.21365880013725
952.4369016536118	12.20696540640584
953.437771975631	12.20028618272512
954.4386422976502	12.193621071795004
955.4395126196692	12.18697001665365
956.4403829416884	12.180332960674901
957.4412532637075	12.173709847565798
958.4421235857267	12.167100621364071
959.4429939077459	12.160505226435685
960.443864229765	12.153923607472391
961.4447345517842	12.14735570948929
962.4456048738033	12.14080147782245
963.4464751958225	12.134260858126506
964.4473455178415	12.127733796372324
965.4482158398607	12.12122023884463
966.4490861618799	12.114720132139706
967.449956483899	12.108233423163103
968.4508268059182	12.101760059127338
969.4516971279373	12.095299987549653
970.4525674499565	12.088853156249767
971.4534377719756	12.082419513347658
972.4543080939948	12.075999007261352
973.455178416014	12.069591586704771
974.456048738033	12.063197200685538
975.4569190600522	12.056815798502848
976.4577893820714	12.050447329745342
977.4586597040905	12.044091744288997
978.4595300261096	12.03774899229504
979.4604003481288	12.031419024207871
980.4612706701479	12.025101790753022
981.4621409921671	12.01879724293511
982.4630113141862	12.012505332035825
983.4638816362054	12.006226009611925
984.4647519582245	11.999959227493262
985.4656222802437	11.993704937780796
986.4664926022629	11.987463092844678
987.4673629242819	11.981233645322279
988.4682332463011	11.975016548116296
989.4691035683203	11.968811754392853
990.4699738903394	11.962619217579617
991.4708442123585	11.956438891363902
992.4717145343777	11.950270729690859
993.4725848563968	11.944114686761617
994.473455178416	11.937970717031458
995.4743255004352	11.931838775208025
996.4751958224543	11.92571881624951
997.4760661444734	11.919610795362923
998.4769364664926	11.913514668002271
999.4778067885118	11.907430389866859
1000.4786771105308	11.901357916899544
1001.47954743255	11.895297205285015
1002.4804177545692	11.889248211448097
1003.4812880765883	11.883210892052062
1004.4821583986075	11.877185203996948
1005.4830287206266	11.87117110441792
1006.4838990426458	11.865168550683594
1007.4847693646649	11.85917750039443
1008.4856396866841	11.853197911381109
1009.4865100087032	11.847229741702911
1010.4873803307223	11.841272949646152
1011.4882506527415	11.83532749372258
1012.4891209747607	11.829393332667818
1013.4899912967797	11.823470425439817
1014.4908616187989	11.81755873121732
1015.4917319408181	11.811658209398308
1016.4926022628372	11.805768819598528
1017.4934725848564	11.799890521649953
1018.4943429068755	11.794023275599315
1019.4952132288947	11.788167041706618
1020.4960835509138	11.782321780443674
1021.496953872933	11.77648745249265
1022.4978241949522	11.770664018744645
1023.4986945169712	11.764851440298221
1024.4995648389904	11.759049678458014
1025.5004351610096	11.753258694733338
1026.5013054830288	11.74747845083675
1027.502175805048	11.741708908682707
1028.5030461270671	11.735950030386173
1029.503916449086	11.730201778261264
1030.5047867711053	11.72446411481989
1031.5056570931245	11.718737002770425
1032.5065274151436	11.713020405016383
1033.5073977371626	11.707314284655086
1034.5082680591818	11.701618604976364
1035.509138381201	11.69593332946126
1036.5100087032201	11.690258421780753
1037.5108790252393	11.684593845794458
1038.5117493472585	11.678939565549383
1039.5126196692777	11.67329554527867
1040.5134899912969	11.667661749400331
1041.514360313316	11.662038142516044
1042.515230635335	11.656424689409908
1043.5161009573542	11.65082135504722
1044.5169712793734	11.645228104573295
1045.5178416013925	11.639644903312247
1046.5187119234115	11.634071716765812
1047.5195822454307	11.62850851061216
1048.5204525674499	11.62295525070475
1049.521322889469	11.617411903071154
1050.5221932114882	11.611878433911901
1051.5230635335074	11.606354809599358
1052.5239338555266	11.600840996676574
1053.5248041775458	11.595336961856187
1054.525674499565	11.58984267201928
1055.526544821584	11.584358094214297
1056.527415143603	11.578883195655932
1057.5282854656223	11.573417943724055
1058.5291557876415	11.567962305962627
1059.5300261096604	11.562516250078627
1060.5308964316796	11.557079743940992
1061.5317667536988	11.551652755579562
1062.532637075718	11.546235253184042
1063.5335073977371	11.540827205102948
1064.5343777197563	11.535428579842597
1065.5352480417755	11.530039346066063
1066.5361183637947	11.524659472592193
1067.5369886858139	11.51928892839457
1068.5378590078328	11.51392768260054
1069.538729329852	11.508575704490205
1070.5395996518712	11.50323296349545
1071.5404699738904	11.497899429198966
1072.5413402959093	11.492575071333277
1073.5422106179285	11.487259859779794
1074.5430809399477	11.481953764567843
1075.5439512619669	11.476656755873737
1076.544821583986	11.471368804019836
1077.5456919060052	11.466089879473593
1078.5465622280244	11.46081995284667
1079.5474325500436	11.455558994893988
1080.5483028720628	11.450306976512836
1081.549173194082	11.445063868741958
1082.550043516101	11.439829642760666
1083.55091383812	11.434604269887936
1084.5517841601393	11.429387721581552
1085.5526544821582	11.424179969437203
1086.5535248041774	11.418980985187636
1087.5543951261966	11.41379074070177
1088.5552654482158	11.408609207983869
1089.556135770235	11.403436359172671
1090.5570060922541	11.398272166540556
1091.5578764142733	11.393116602492702
1092.5587467362925	11.38796963956626
1093.5596170583117	11.382831250429534
1094.5604873803309	11.37770140788115
1095.5613577023498	11.372580084849263
1096.562228024369	11.367467254390728
1097.5630983463882	11.36236288969033
1098.5639686684071	11.357266964059965
1099.5648389904263	11.352179450937864
1100.5657093124455	11.347100323887808
1101.5665796344647	11.342029556598359
1102.5674499564839	11.336967122882083
1103.568320278503	11.331912996674784
1104.5691906005222	11.326867152034755
1105.5700609225414	11.321829563142014
1106.5709312445606	11.31680020429757
1107.5718015665798	11.311779049922658
1108.5726718885987	11.306766074558041
1109.573542210618	11.30176125286323
1110.574412532637	11.296764559615804
1111.575282854656	11.291775969710661
1112.5761531766752	11.28679545815932
1113.5770234986944	11.281823000089192
1114.5778938207136	11.276858570742903
1115.5787641427328	11.271902145477567
1116.579634464752	11.26695369976411
1117.5805047867711	11.26201320918658
1118.5813751087903	11.257080649441448
1119.5822454308095	11.252155996336949
1120.5831157528287	11.247239225792399
1121.5839860748476	11.242330313837519
1122.5848563968668	11.23742923661178
1123.585726718886	11.232535970363747
1124.586597040905	11.227650491450413
1125.5874673629241	11.222772776336557
1126.5883376849433	11.2179028015941
1127.5892080069625	11.213040543901455
1128.5900783289817	11.208185980042906
1129.5909486510009	11.20333908690796
1130.59181897302	11.19849984149074
1131.5926892950392	11.19366822088934
1132.5935596170584	11.188844202305226
1133.5944299390776	11.18402776304262
1134.5953002610966	11.179218880507882
1135.5961705831157	11.17441753220891
1136.597040905135	11.169623695754543
1137.5979112271539	11.16483734885397
1138.598781549173	11.160058469316121
1139.5996518711922	11.155287035049096
1140.6005221932114	11.15052302405958
1141.6013925152306	11.14576641445225
1142.6022628372498	11.141017184429224
1143.603133159269	11.136275312289468
1144.6040034812881	11.13154077642824
1145.6048738033073	11.126813555336533
1146.6057441253265	11.122093627600497
1147.6066144473455	11.117380971900905
1148.6074847693646	11.112675567012596
1149.6083550913838	11.107977391803916
1150.6092254134028	11.103286425236195
1151.610095735422	11.09860264636319
1152.6109660574411	11.093926034330567
1153.6118363794603	11.089256568375346
1154.6127067014795	11.084594227825402
1155.6135770234987	11.079938992098912
1156.6144473455179	11.07529084070386
1157.615317667537	11.0706497532375
1158.6161879895562	11.066015709385859
1159.6170583115754	11.061388688923211
1160.6179286335944	11.056768671711588
1161.6187989556136	11.052155637700261
1162.6196692776327	11.047549566925248
1163.6205395996517	11.042950439508832
1164.6214099216709	11.038358235659045
1165.62228024369	11.033772935669191
1166.6231505657092	11.029194519917365
1167.6240208877284	11.02462296886596
1168.6248912097476	11.020058263061198
1169.6257615317668	11.015500383132654
1170.626631853786	11.010949309792776
1171.6275021758051	11.006405023836427
1172.6283724978243	11.001867506140401
1173.6292428198433	10.997336737662993
1174.6301131418625	10.9928126994435
1175.6309834638816	10.9882953726018
1176.6318537859006	10.98378473833788
1177.6327241079198	10.979280777931383
1178.633594429939	10.974783472741182
1179.6344647519581	10.970292804204904
1180.6353350739773	10.965808753838536
1181.6362053959965	10.961331303235928
1182.6370757180157	10.956860434068417
1183.6379460400349	10.952396128084358
1184.638816362054	10.947938367108696
1185.6396866840732	10.943487133042563
1186.6405570060922	10.93904240786284
1187.6414273281114	10.93460417362173
1188.6422976501306	10.93017241244636
1189.6431679721495	10.925747106538351
1190.6440382941687	10.921328238173407
1191.6449086161879	10.91691578970092
1192.645778938207	10.912509743543545
1193.6466492602262	10.908110082196815
1194.6475195822454	10.903716788228722
1195.6483899042646	10.899329844279338
1196.6492602262838	10.894949233060398
1197.650130548303	10.890574937354932
1198.6510008703222	10.886206940016855
1199.651871192341	10.881845223970588
1200.6527415143603	10.877489772210673
1201.6536118363795	10.873140567801387
1202.6544821583984	10.86879759387637
1203.6553524804176	10.864460833638237
1204.6562228024368	10.860130270358216
1205.657093124456	10.855805887375766
1206.6579634464752	10.851487668098205
1207.6588337684943	10.847175596000355
1208.6597040905135	10.84286965462417
1209.6605744125327	10.838569827578372
1210.6614447345519	10.834276098538089
1211.662315056571	10.829988451244509
1212.66318537859	10.825706869504502
1213.6640557006092	10.821431337190305
1214.6649260226284	10.817161838239128
1215.6657963446473	10.812898356652834
1216.6666666666665	10.808640876497579
1217.6675369886857	10.804389381903487
1218.6684073107049	10.800143857064283
1219.669277632724	10.795904286236969
1220.6701479547432	10.791670653741484
1221.6710182767624	10.78744294396037
1222.6718885987816	10.783221141338446
1223.6727589208008	10.779005230382458
1224.67362924282	10.774795195660761
1225.674499564839	10.770591021803009
1226.675369886858	10.766392693499805
1227.6762402088773	10.762200195502391
1228.6771105308962	10.758013512622334
1229.6779808529154	10.753832629731189
1230.6788511749346	10.749657531760208
1231.6797214969538	10.74548820370001
1232.680591818973	10.741324630600266
1233.6814621409922	10.737166797569401
1234.6823324630113	10.733014689774292
1235.6832027850305	10.728868292439932
1236.6840731070497	10.724727590849165
1237.6849434290689	10.72059257034235
1238.6858137510878	10.71646321631708
1239.686684073107	10.71233951422789
1240.6875543951262	10.708221449585938
1241.6884247171452	10.70410900795873
1242.6892950391643	10.700002174969823
1243.6901653611835	10.695900936298528
1244.6910356832027	10.691805277679636
1245.6919060052219	10.687715184903103
1246.692776327241	10.683630643813805
1247.6936466492602	10.679551640311216
1248.6945169712794	10.675478160349162
1249.6953872932986	10.671410189935509
1250.6962576153178	10.667347715131905
1251.6971279373367	10.6632907220535
1252.697998259356	10.659239196868663
1253.698868581375	10.655193125798728
1254.699738903394	10.651152495117708
1255.7006092254132	10.647117291152027
1256.7014795474324	10.643087500280254
1257.7023498694516	10.639063108932845
1258.7032201914708	10.635044103591868
1259.70409051349	10.631030470790746
1260.7049608355092	10.627022197113995
1261.7058311575283	10.623019269196968
1262.7067014795475	10.619021673725586
1263.7075718015667	10.615029397436105
1264.7084421235857	10.61104242711483
1265.7093124456048	10.607060749597894
1266.710182767624	10.603084351770981
1267.711053089643	10.599113220569098
1268.7119234116622	10.595147342976306
1269.7127937336813	10.591186706025491
1270.7136640557005	10.58723129679811
1271.7145343777197	10.583281102423946
1272.7154046997389	10.579336110080872
1273.716275021758	10.575396306994612
1274.7171453437772	10.57146168043849
1275.7180156657964	10.567532217733206
1276.7188859878156	10.563607906246588
1277.7197563098346	10.559688733393369
1278.7206266318537	10.555774686634946
1279.721496953873	10.551865753479149
1280.7223672758919	10.547961921480018
1281.723237597911	10.54406317823756
1282.7241079199302	10.540169511397531
1283.7249782419494	10.536280908651218
1284.7258485639686	10.532397357735189
1285.7267188859878	10.528518846431098
1286.727589208007	10.524645362565444
1287.7284595300262	10.520776894009357
1288.7293298520453	10.51691342867838
1289.7302001740645	10.513054954532251
1290.7310704960835	10.509201459574676
1291.7319408181027	10.505352931853128
1292.7328111401218	10.50150935945863
1293.733681462141	10.497670730525531
1294.73455178416	10.493837033231308
1295.7354221061792	10.490008255796353
1296.7362924281983	10.486184386483753
1297.7371627502175	10.482365413599098
1298.7380330722367	10.478551325490262
1299.7389033942559	10.474742110547204
1300.739773716275	10.470937757201765
1301.7406440382942	10.46713825392747
1302.7415143603134	10.463343589239306
1303.7423846823324	10.459553751693536
1304.7432550043516	10.455768729887513
1305.7441253263707	10.451988512459456
1306.74499564839	10.448213088088277
1307.7458659704089	10.444442445493355
1308.746736292428	10.440676573434379
1309.7476066144472	10.436915460711125
1310.7484769364664	10.433159096163282
1311.7493472584856	10.429407468670243
1312.7502175805048	10.425660567150944
1313.751087902524	10.42191838056364
1314.7519582245432	10.41818089790575
1315.7528285465623	10.414448108213634
1316.7536988685813	10.410720000562451
1317.7545691906005	10.406996564065944
1318.7554395126197	10.403277787876256
1319.7563098346388	10.399563661183777
1320.7571801566578	10.395854173216922
1321.758050478677	10.392149313241983
1322.7589208006962	10.388449070562942
1323.7597911227153	10.384753434521281
1324.7606614447345	10.38106239449582
1325.7615317667537	10.377375939902533
1326.762402088773	10.373694060194378
1327.763272410792	10.370016744861116
1328.7641427328113	10.36634398342915
1329.7650130548302	10.362675765461336
1330.7658833768494	10.359012080556832
1331.7667536988686	10.355352918350915
1332.7676240208878	10.351698268514815
1333.7684943429067	10.348048120755548
1334.769364664926	10.344402464815746
1335.770234986945	10.340761290473502
1336.7711053089643	10.33712458754219
1337.7719756309834	10.333492345870315
1338.7728459530026	10.32986455534133
1339.7737162750218	10.326241205873506
1340.774586597041	10.322622287419737
1341.7754569190602	10.3190077899674
1342.7763272410791	10.315397703538194
1343.7771975630983	10.311792018187969
1344.7780678851175	10.308190724006584
1345.7789382071367	10.304593811117744
1346.7798085291556	10.301001269678839
1347.7806788511748	10.297413089880804
1348.781549173194	10.293829261947943
1349.7824194952132	10.290249776137799
1350.7832898172323	10.286674622740987
1351.7841601392515	10.283103792081047
1352.7850304612707	10.279537274514293
1353.78590078329	10.275975060429666
1354.786771105309	10.27241714024858
1355.787641427328	10.268863504424784
1356.7885117493472	10.265314143444193
1357.7893820713664	10.261769047824776
1358.7902523933856	10.258228208116387
1359.7911227154045	10.25469161490061
1360.7919930374237	10.251159258790647
1361.792863359443	10.247631130431152
1362.793733681462	10.244107220498094
1363.7946040034813	10.240587519698622
1364.7954743255004	10.237072018770915
1365.7963446475196	10.233560708484044
1366.7972149695388	10.23005357963784
1367.798085291558	10.226550623062757
1368.7989556135772	10.22305182961971
1369.7998259355961	10.219557190199977
1370.8006962576153	10.216066695725033
1371.8015665796345	10.212580337146429
1372.8024369016534	10.209098105445651
1373.8033072236726	10.205619991633988
1374.8041775456918	10.202145986752406
1375.805047867711	10.198676081871406
1376.8059181897302	10.195210268090896
1377.8067885117493	10.191748536540063
1378.8076588337685	10.18829087837724
1379.8085291557877	10.184837284789774
1380.809399477807	10.181387746993911
1381.810269799826	10.17794225623465
1382.811140121845	10.174500803785625
1383.8120104438642	10.171063380948977
1384.8128807658834	10.167629979055235
1385.8137510879023	10.16420058946318
1386.8146214099215	10.160775203559725
1387.8154917319407	10.157353812759794
1388.81636205396	10.153936408506198
1389.817232375979	10.150522982269507
1390.8181026979983	10.14711352554794
1391.8189730200174	10.14370802986723
1392.8198433420366	10.140306486780517
1393.8207136640558	10.136908887868215
1394.821583986075	10.133515224737904
1395.822454308094	10.130125489024213
1396.8233246301131	10.126739672388682
1397.8241949521323	10.123357766519678
1398.8250652741513	10.119979763132244
1399.8259355961704	10.116605653968012
1400.8268059181896	10.113235430795067
1401.8276762402088	10.109869085407848
1402.828546562228	10.106506609627019
1403.8294168842472	10.103147995299368
1404.8302872062663	10.099793234297689
1405.8311575282855	10.096442318520673
1406.8320278503047	10.09309523989279
1407.832898172324	10.089751990364185
1408.8337684943428	10.086412561910564
1409.834638816362	10.083076946533089
1410.8355091383812	10.079745136258252
1411.8363794604002	10.076417123137798
1412.8372497824193	10.073092899248584
1413.8381201044385	10.069772456692494
1414.8389904264577	10.066455787596324
1415.839860748477	10.063142884111668
1416.840731070496	10.059833738414833
1417.8416013925153	10.056528342706711
1418.8424717145344	10.05322668921269
1419.8433420365536	10.049928770182545
1420.8442123585728	10.046634577890327
1421.8450826805918	10.04334410463428
1422.845953002611	10.040057342736713
1423.8468233246301	10.03677428454392
1424.847693646649	10.033494922426073
1425.8485639686683	10.030219248777101
1426.8494342906874	10.026947256014624
1427.8503046127066	10.023678936579833
1428.8511749347258	10.02041428293739
1429.852045256745	10.017153287575336
1430.8529155787642	10.013895943004986
1431.8537859007834	10.010642241760845
1432.8546562228025	10.007392176400494
1433.8555265448217	10.004145739504503
1434.8563968668407	10.000902923676335
1435.8572671888599	9.997663721542246
1436.858137510879	9.994428125751194
1437.859007832898	9.991196128974748
1438.8598781549172	9.98796772390697
1439.8607484769364	9.984742903264365
1440.8616187989555	9.981521659785749
1441.8624891209747	9.97830398623217
1442.863359442994	9.975089875386823
1443.864229765013	9.971879320054947
1444.8651000870323	9.96867231306374
1445.8659704090514	9.965468847262263
1446.8668407310706	9.96226891552136
1447.8677110530896	9.95907251073356
1448.8685813751088	9.955879625812987
1449.869451697128	9.95269025369527
1450.870322019147	9.94950438733747
1451.871192341166	9.946322019717972
1452.8720626631853	9.943143143836405
1453.8729329852044	9.93996775271356
1454.8738033072236	9.936795839391293
1455.8746736292428	9.933627396932454
1456.875543951262	9.930462418420783
1457.8764142732812	9.927300896960842
1458.8772845953004	9.924142825677917
1459.8781549173195	9.920988197717945
1460.8790252393385	9.917837006247412
1461.8798955613577	9.914689244453294
1462.8807658833769	9.911544905542955
1463.8816362053958	9.908403982744073
1464.882506527415	9.905266469304552
1465.8833768494342	9.902132358492446
1466.8842471714534	9.899001643595879
1467.8851174934725	9.895874317922948
1468.8859878154917	9.892750374801667
1469.886858137511	9.889629807579869
1470.88772845953	9.886512609625129
1471.8885987815493	9.883398774324691
1472.8894691035684	9.880288295085387
1473.8903394255874	9.87718116533355
1474.8912097476066	9.874077378514944
1475.8920800696258	9.87097692809469
1476.892950391645	9.867879807557175
1477.8938207136641	9.86478601040599
1478.894691035683	9.861695530163843
1479.8955613577023	9.858608360372484
1480.8964316797214	9.855524494592636
1481.8973020017406	9.852443926403915
1482.8981723237598	9.849366649404745
1483.899042645779	9.846292657212306
1484.899912967798	9.843221943462444
1485.9007832898171	9.840154501809586
1486.9016536118363	9.837090325926699
1487.9025239338555	9.834029409505183
1488.9033942558747	9.830971746254825
1489.9042645778939	9.827917329903702
1490.905134899913	9.824866154198135
1491.906005221932	9.821818212902585
1492.9068755439512	9.81877349979962
1493.9077458659704	9.815732008689807
1494.9086161879895	9.812693733391667
1495.9094865100087	9.809658667741596
1496.910356832028	9.806626805593789
1497.9112271540469	9.803598140820181
1498.912097476066	9.80057266731037
1499.9129677980852	9.797550378971552
1500.9138381201044	9.794531269728438
1501.9147084421236	9.791515333523227
1502.9155787641428	9.78850256431548
1503.916449086162	9.7854929560821
1504.917319408181	9.782486502817237
1505.9181897302	9.779483198532233
1506.9190600522193	9.776483037255554
1507.9199303742384	9.773486013032718
1508.9208006962576	9.77049211992624
1509.9216710182768	9.767501352015556
1510.9225413402958	9.764513703396958
1511.923411662315	9.761529168183536
1512.9242819843341	9.758547740505108
1513.9251523063533	9.755569414508155
1514.9260226283725	9.752594184355761
1515.9268929503917	9.749622044227548
1516.9277632724109	9.746652988319605
1517.9286335944298	9.743687010844441
1518.929503916449	9.7407241060309
1519.9303742384682	9.737764268124122
1520.9312445604874	9.73480749138546
1521.9321148825065	9.731853770092435
1522.9329852045257	9.72890309853866
1523.9338555265447	9.72595547103379
1524.9347258485639	9.72301088190345
1525.935596170583	9.720069325489186
1526.9364664926022	9.717130796148398
1527.9373368146214	9.714195288254276
1528.9382071366406	9.71126279619575
1529.9390774586598	9.70833331437742
1530.9399477806787	9.705406837219504
1531.940818102698	9.702483359157776
1532.941688424717	9.69956287464351
1533.9425587467363	9.696645378143412
1534.9434290687554	9.693730864139573
1535.9442993907746	9.690819327129406
1536.9451697127936	9.687910761625595
1537.9460400348128	9.68500516215602
1538.946910356832	9.68210252326372
1539.9477806788511	9.679202839506825
1540.9486510008703	9.676306105458501
1541.9495213228895	9.673412315706896
1542.9503916449087	9.670521464855083
1543.9512619669276	9.667633547521001
1544.9521322889468	9.664748558337406
1545.953002610966	9.661866491951807
1546.9538729329852	9.658987343026418
1547.9547432550044	9.656111106238102
1548.9556135770235	9.653237776278317
1549.9564838990427	9.650367347853054
1550.9573542210617	9.6474998156828
1551.9582245430809	9.644635174502458
1552.9590948651	9.641773419061323
1553.9599651871192	9.638914544123008
1554.9608355091384	9.6360585444654
1555.9617058311576	9.633205414880603
1556.9625761531765	9.630355150174887
1557.9634464751957	9.62750774516864
1558.964316797215	9.624663194696307
1559.965187119234	9.621821493606351
1560.9660574412533	9.618982636761185
1561.9669277632725	9.616146619037133
1562.9677980852916	9.613313435324377
1563.9686684073106	9.610483080526905
1564.9695387293298	9.607655549562457
1565.970409051349	9.60483083736248
1566.9712793733681	9.602008938872073
1567.9721496953873	9.599189849049946
1568.9730200174065	9.596373562868353
1569.9738903394255	9.593560075313066
1570.9747606614446	9.590749381383302
1571.9756309834638	9.587941476091698
1572.976501305483	9.585136354464238
1573.9773716275022	9.582334011540219
1574.9782419495214	9.579534442372205
1575.9791122715405	9.576737642025968
1576.9799825935595	9.57394360558045
1577.9808529155787	9.571152328127706
1578.9817232375979	9.568363804772869
1579.982593559617	9.56557803063409
1580.9834638816362	9.562795000842492
1581.9843342036554	9.560014710542143
1582.9852045256744	9.557237154889984
1583.9860748476935	9.554462329055784
1584.9869451697127	9.551690228222125
1585.987815491732	9.548920847584313
1586.988685813751	9.546154182350366
1587.9895561357703	9.543390227740947
1588.9904264577895	9.540628978989334
1589.9912967798084	9.537870431341362
1590.9921671018276	9.535114580055392
1591.9930374238468	9.53236142040225
1592.993907745866	9.529610947665194
1593.9947780678851	9.526863157139868
1594.9956483899043	9.524118044134257
1595.9965187119233	9.521375603968643
1596.9973890339425	9.518635831975555
1597.9982593559616	9.515898723499738
1598.9991296779808	9.5131642738981
1600.0	9.510432478539675
