nm	mua[cm-1]	musp[cm-1]
450.0	0.1548	17.59
452.0	0.1565	17.62
454.0	0.1397	17.43
456.0	0.1427999999999999	17.46
458.0	0.1345	17.35
460.0	0.133	17.29
462.0	0.1314	17.330000000000002
464.0	0.1251	17.23
466.0	0.1176	17.18
468.0	0.114	17.03
470.0	0.1115	17.150000000000002
472.0	0.1038999999999999	16.9
474.0	0.09346	16.85
476.0	0.08842	16.71
478.0	0.08499	16.72
480.0	0.07195	16.84
482.0	0.07138	16.67
484.0	0.06159	16.67
486.0	0.0558	16.55
488.0	0.04929	16.52
490.0	0.04109	16.419999999999998
492.0	0.04188	16.36
494.0	0.0367	16.31
496.0	0.0304	16.29
498.0	0.03191	16.21
500.0	0.02598	16.21
502.0	0.0233	16.14
504.0	0.02321	16.080000000000002
506.0	0.01776	16.07
508.0	0.0113499999999999	16.07
510.0	0.01668	16.02
512.0	0.01277	15.87
514.0	0.01317	15.98
516.0	0.00895	15.81
518.0	0.008708	15.78
520.0	0.0084125	15.825
522.0	0.0107599999999999	15.7
524.0	0.007442	15.7
526.0	0.0064899999999999	15.58
528.0	0.006022	15.62
530.0	0.008699	15.45
532.0	0.0039369999999999	15.59
534.0	0.004319	15.44
536.0	0.0047775	15.335
538.0	0.002851	15.29
540.0	0.003364	15.3
542.0		15.23
544.0		14.44
546.0		15.2
548.0		15.009999999999998
550.0		14.97
552.0		14.92
554.0		14.085
556.0		14.74
558.0		13.1
560.0		14.72
562.0		14.64
564.0		14.57
566.0		14.6
568.0		14.54
570.0		14.46
572.0		14.29
574.0		14.35
576.0		14.17
578.0		14.13
580.0		14.065
582.0		14.04
584.0		13.95
586.0		13.94
588.0		13.78
590.0		13.84
592.0		13.795
594.0		13.7
596.0		13.68
598.0		13.63
600.0		13.510000000000002
602.0		12.715
604.0		12.68
606.0		13.37
608.0		13.27
610.0		13.19
612.0		13.24
614.0		13.03
616.0		13.08
618.0		12.9
620.0		12.28
622.0		11.57
624.0		12.79
626.0		12.75
628.0		12.92
630.0		12.669999999999998
632.0		12.565
634.0		11.955
636.0		12.48
638.0		12.46
640.0		12.45
642.0		12.27
644.0		12.68
646.0		12.235
648.0		12.22
650.0		12.23
652.0		12.18
654.0		12.105
656.0		12.075
658.0		12.045
660.0		12.08
662.0		12.0
664.0		12.25
666.0		11.96
668.0		11.92
670.0		11.87
672.0		11.76
674.0		11.7
676.0		10.82
678.0		11.625
680.0		11.65
682.0		11.48
684.0		11.54
686.0		11.45
688.0		11.0
690.0		11.675
692.0		11.41
694.0		11.375
696.0		11.3
698.0		10.44
700.0		10.825
702.0		11.17
704.0		11.25
706.0		11.185
708.0		10.695
710.0		10.675
712.0		11.035
714.0		10.21
716.0		10.19
718.0		11.03
720.0		10.489999999999998
722.0		10.89
724.0		10.895
726.0		10.83
728.0		10.84
730.0		10.342
732.0		10.81
734.0		10.317
736.0		10.67
738.0		10.64
740.0		10.65
742.0		10.489999999999998
744.0		10.56
746.0		10.098
748.0		10.52
750.0		10.52
752.0		10.505
754.0		10.47
756.0		10.47
758.0		10.45
760.0		10.475
762.0		10.45
764.0	0.01625	9.446
766.0		10.22
768.0		10.2
770.0		10.2
772.0		10.059
774.0		10.07
776.0	0.01078	9.2575
778.0		10.009999999999998
780.0		9.9715
782.0		9.5315
784.0		9.879
786.0		9.506
788.0		9.821
790.0		9.42
792.0		9.41
794.0		9.783
796.0		9.371
798.0		9.362
800.0		9.359
802.0		9.3155
804.0	0.01999	8.931000000000001
806.0		9.643
808.0		9.632
810.0		9.2015
812.0		9.141
814.0		9.4895
816.0		9.435
818.0		9.0915
820.0	0.0241699999999999	8.74
822.0		9.4235
824.0		9.416
826.0		9.337
828.0		8.975999999999999
830.0		9.297
832.0		9.2875
834.0		9.254
836.0		8.893
838.0		9.197500000000002
840.0		9.148
842.0		9.177
844.0		9.1175
846.0		9.0645
848.0		9.072
850.0		9.019000000000002
852.0		9.0
854.0		9.014
856.0		8.959499999999998
858.0		8.947000000000001
860.0		8.933
862.0		8.916
864.0		8.886
866.0		8.836
868.0		8.823
870.0		8.816
872.0		8.785
874.0		8.7585
876.0		8.743
878.0	0.01685	8.726
880.0	0.01855	8.717
882.0	0.01657	8.699
884.0	0.02456	8.647
886.0	0.02852	8.621
888.0	0.03461	8.632
890.0	0.03844	8.585
892.0	0.03877	8.581999999999999
894.0	0.04347	8.547
896.0	0.04976	8.519
898.0	0.0518	8.52
900.0	0.05478	8.472
902.0	0.05245	8.437
904.0	0.0559099999999999	8.431999999999999
906.0	0.0579999999999999	8.378
908.0	0.06758	8.357
910.0	0.07582	8.333
912.0	0.09041	8.342
914.0	0.0963999999999999	8.292
916.0	0.1054	8.279
918.0	0.1074999999999999	8.265
920.0	0.1197	8.265
922.0	0.1284	8.212
924.0	0.1369	8.167
926.0	0.1435	8.156
928.0	0.1486	8.139
930.0	0.1538	8.103
932.0	0.1514	8.068
934.0	0.1442	8.062000000000001
936.0	0.1277	8.041
938.0	0.1129999999999999	7.971
940.0	0.09863	7.981
942.0	0.0805	7.976
944.0	0.0648	7.945
946.0	0.0539599999999999	7.917
948.0	0.04641	7.921
950.0	0.0436999999999999	7.894
952.0	0.03921	7.882
954.0	0.036	7.854999999999999
956.0	0.03456	7.84
958.0	0.03109	7.837
960.0	0.02896	7.812
962.0	0.02781	7.765
964.0	0.02266	7.758000000000001
966.0	0.02421	7.744999999999999
968.0	0.02307	7.727
970.0	0.02448	7.705999999999999
972.0	0.02181	7.7
974.0	0.02277	7.679
976.0	0.02239	7.664
978.0	0.02127	7.625999999999999
980.0	0.02303	7.621
982.0	0.02354	7.578
984.0	0.02161	7.576
986.0		7.552
988.0	0.02316	7.546
990.0	0.02402	7.509
992.0	0.02549	7.51
994.0	0.02598	7.481
996.0	0.0280899999999999	7.45
998.0	0.03197	7.437
1000.0	0.03449	7.42
1002.0	0.03908	7.4
1004.0	0.04621	7.376
1006.0	0.0456	7.369
1008.0	0.0505599999999999	7.362
1010.0	0.0531699999999999	7.335000000000001
1012.0	0.05819	7.329
1014.0	0.06757	7.305000000000001
1016.0	0.0677	7.284000000000001
1018.0	0.07047	7.25
1020.0	0.07867	7.231999999999999
1022.0	0.07617	7.208
1024.0	0.07785	7.1930000000000005
1026.0	0.07978	7.167
1028.0	0.08141	7.151
1030.0	0.09062	7.143000000000001
1032.0	0.0897	7.099
1034.0	0.0939	7.098
1036.0	0.09667	7.098
1038.0	0.0926699999999999	7.066
1040.0	0.1003	7.056
1042.0	0.1005	7.003
1044.0	0.09762	6.997
1046.0	0.1023	6.978
1048.0	0.09253	6.959999999999999
1050.0	0.0933	6.9430000000000005
1052.0	0.09297	6.93
1054.0	0.08491	6.917
1056.0	0.08772	6.921
1058.0	0.08403	6.904
1060.0	0.08151	6.867
1062.0	0.08495	6.865
1064.0	0.07149	6.831
1066.0	0.0736	6.779
1068.0	0.072	6.775
1070.0	0.06579	6.7620000000000005
1072.0	0.06973	6.734999999999999
1074.0	0.06371	6.739000000000001
1076.0	0.06308	6.707
1078.0	0.06665	6.702
1080.0	0.05968	6.683
1082.0	0.06466	6.646999999999999
1084.0	0.06262	6.654999999999999
1086.0	0.05575	6.627999999999999
1088.0	0.06364	6.591
1090.0	0.0549	6.615
1092.0	0.05563	6.58
1094.0	0.05968	6.554
1096.0	0.0482699999999999	6.552
1098.0	0.0567	6.542
1100.0	0.05558	6.523
1102.0	0.05266	6.484999999999999
1104.0	0.05988	6.489000000000001
1106.0	0.0527799999999999	6.475999999999999
1108.0	0.05656	6.45
1110.0	0.06298	6.429
1112.0	0.05434	6.401
1114.0	0.06527	6.3870000000000005
1116.0	0.0645	6.398000000000001
1118.0	0.06406	6.372999999999999
1120.0	0.07372	6.363
1122.0	0.06934	6.352
1124.0	0.07229	6.333
1126.0	0.0786	6.327
1128.0	0.07867	6.314
1130.0	0.09072	6.296
1132.0	0.09499	6.273999999999999
1134.0	0.1002	6.258
1136.0	0.1173	6.244
1138.0	0.1231	6.231
1140.0	0.1429	6.218
1142.0	0.1585	6.214
1144.0	0.176	6.196000000000001
1146.0	0.2043	6.159
1148.0	0.2315	6.151999999999999
1150.0	0.273	6.146000000000001
1152.0	0.3108	6.118
1154.0	0.3419	6.104000000000001
1156.0	0.3809	6.090999999999999
1158.0	0.422	6.069
1160.0	0.4685	6.051
1162.0	0.5357	6.04
1164.0	0.6001	6.021999999999999
1166.0	0.6540999999999999	6.0
1168.0	0.6927	5.972
1170.0	0.7090000000000001	5.954000000000001
1172.0	0.7091999999999999	5.939
1174.0	0.7184	5.938
1176.0	0.7434000000000001	5.908
1178.0	0.7702	5.899
1180.0	0.8119	5.888
1182.0	0.866	5.878
1184.0	0.9362	5.854
1186.0	1.039	5.823
1188.0	1.114	5.81
1190.0	1.186	5.789
1192.0	1.253	5.77
1194.0	1.308	5.743
1196.0	1.3769999999999998	5.73
1198.0	1.4380000000000002	5.708
1200.0	1.496	5.689
1202.0	1.585	5.669
1204.0	1.662	5.663
1206.0	1.763	5.632000000000001
1208.0	1.866	5.617
1210.0	1.924	5.603
1212.0	1.971	5.5920000000000005
1214.0	1.979	5.563000000000001
1216.0	1.932	5.564
1218.0	1.885	5.536
1220.0	1.726	5.542
1222.0	1.5490000000000002	5.534
1224.0	1.374	5.542
1226.0	1.167	5.533
1228.0	1.031	5.537
1230.0	0.9013	5.534
1232.0	0.7814	5.522
1234.0	0.7094	5.522
1236.0	0.6233000000000001	5.5120000000000005
1238.0	0.5616	5.506
1240.0	0.5214	5.488
1242.0	0.4617	5.496
1244.0	0.4375	5.461
1246.0	0.4028	5.467
1248.0	0.3611999999999999	5.445
1250.0	0.3508	5.44
1252.0	0.3214	5.421
1254.0	0.2995	5.427999999999999
1256.0	0.2949	5.4110000000000005
1258.0	0.2582	5.385999999999999
1260.0	0.2543	5.377
1262.0	0.2433	5.366
1264.0	0.2203	5.345
1266.0	0.2207	5.331
1268.0	0.2080999999999999	5.3180000000000005
1270.0	0.1966999999999999	5.315
1272.0	0.1994	5.3100000000000005
1274.0	0.1825999999999999	5.303
1276.0	0.1851	5.28
1278.0	0.1814	5.271
1280.0	0.164	5.258000000000001
1282.0	0.1725	5.238
1284.0	0.1631	5.237
1286.0	0.1607	5.223
1288.0	0.1685	5.198
1290.0	0.153	5.208
1292.0	0.1523	5.193
1294.0	0.1543	5.1770000000000005
1296.0	0.1422	5.158
1298.0	0.1469	5.154
1300.0	0.1438	5.144
1302.0	0.1378	5.126
1304.0	0.1403	5.118
1306.0	0.1326	5.119
1308.0	0.1288	5.101
1310.0	0.1324	5.083
1312.0	0.1206	5.072
1314.0	0.1221	5.057
1316.0	0.1208	5.047000000000001
1318.0	0.1144	5.048
1320.0	0.1221	5.038
1322.0	0.1127	5.021
1324.0	0.1115	5.011
1326.0	0.1163	4.985
1328.0	0.1099	4.989
1330.0	0.1117	4.978
1332.0	0.1136	4.97
1334.0	0.1093	4.933
1336.0	0.1159	4.922000000000001
1338.0	0.1154	4.922000000000001
1340.0	0.1142	4.9030000000000005
1342.0	0.1234	4.893
1344.0	0.1208	4.878
1346.0	0.1283	4.866
1348.0	0.1391	4.847
1350.0	0.1403	4.8580000000000005
1352.0	0.1581	4.835
1354.0	0.1724	4.812
1356.0	0.1926999999999999	4.808
1358.0	0.2268	4.784
1360.0	0.2561	4.783
1362.0	0.2853	4.754
1364.0	0.3046	4.722
1366.0	0.3232	4.73
1368.0	0.3549	4.713
1370.0	0.4013	4.711
1372.0	0.4482	4.666
1374.0	0.5052	4.676
1376.0	0.5700999999999999	4.687
1378.0	0.6356	4.656000000000001
1380.0	0.7047000000000001	4.638
1382.0	0.7657	4.614
1384.0	0.8338	4.589
1386.0	0.9149	4.586
1388.0	1.022	4.565
1390.0	1.131	4.537
1392.0	1.24	4.546
1394.0	1.293	4.515000000000001
1396.0	1.272	4.473
1398.0	1.122	4.473
1400.0	1.012	4.478
1402.0	0.978	4.401
1404.0	0.9735	4.412
1406.0	0.9864	4.4030000000000005
1408.0	1.038	4.393000000000001
1410.0	1.081	4.377
1412.0	1.142	4.325
1414.0	1.187	4.321
1416.0	1.199	4.301
1418.0	1.167	4.29
1420.0	1.111	4.273
1422.0	1.073	4.284
1424.0	1.069	4.249
1426.0	1.039	4.218
1428.0	1.019	4.19
1430.0	0.9999	4.198
1432.0	0.983	4.162
1434.0	0.961	4.162
1436.0	0.9388	4.165
1438.0	0.9183	4.154999999999999
1440.0	0.8792	4.144
1442.0	0.8326	4.118
1444.0	0.7898	4.115
1446.0	0.7481	4.105
1448.0	0.7135	4.112
1450.0	0.6845999999999999	4.106
1452.0	0.6676	4.071
1454.0	0.6172	4.048
1456.0	0.5843	4.053
1458.0	0.5578000000000001	4.071
1460.0	0.5333	4.043
1462.0	0.5104	4.037
1464.0	0.4969	4.01
1466.0	0.4659	4.011
1468.0	0.4392	3.984
1470.0	0.4265	4.013
1472.0	0.3998	4.001
1474.0	0.3927	3.956
1476.0	0.3621	3.998
1478.0	0.3413	3.96
1480.0	0.3359	3.952
1482.0	0.3211	3.95
1484.0	0.3069	3.953
1486.0	0.2953	3.957
1488.0	0.2758	3.945
1490.0	0.2734999999999999	3.927
1492.0	0.2612	3.941
1494.0	0.2501	3.928
1496.0	0.2426	3.918
1498.0	0.239	3.93
1500.0	0.2297	3.931
1502.0	0.2243	3.915
1504.0	0.2199999999999999	3.893
1506.0	0.2135	3.902
1508.0	0.21	3.887
1510.0	0.2102	3.887
1512.0	0.2111	3.875
1514.0	0.2108	3.876
1516.0	0.2096	3.865
1518.0	0.2068	3.864
1520.0	0.2058	3.865
1522.0	0.2061	3.868
1524.0	0.2072	3.858
1526.0	0.2135	3.833
1528.0	0.2071	3.849
1530.0	0.2068	3.844
1532.0	0.213	3.818
1534.0	0.2138	3.815
1536.0	0.2213	3.813
1538.0	0.2216	3.811
1540.0	0.2219	3.792
1542.0	0.2208999999999999	3.8
1544.0	0.2208999999999999	3.792
1546.0	0.2069	3.796
1548.0	0.1839	3.772
1550.0	0.1747	3.768
1552.0	0.1658	3.777
1554.0	0.164	3.786
1556.0	0.1651	3.756
1558.0	0.1646	3.751
1560.0	0.1575	3.751
1562.0	0.1528	3.755
1564.0	0.1523	3.757
1566.0	0.1406	3.728
1568.0	0.1433	3.738
1570.0	0.1432	3.741
1572.0	0.143	3.732
1574.0	0.1427999999999999	3.7
1576.0	0.1313	3.723
1578.0	0.1251	3.697
1580.0	0.1247	3.705
1582.0	0.1196	3.684
1584.0	0.1252	3.683
1586.0	0.1255	3.681
1588.0	0.1245	3.686
1590.0	0.1233	3.683
1592.0	0.1298	3.675
1594.0	0.1324	3.672
1596.0	0.1301	3.687
1598.0	0.1282	3.674
