nm	mua[cm-1]
250	
252	
254	
256	
258	
260	2579.4871726987662
262	2477.072158495413
264	2575.2404315451545
266	2651.0392934291012
268	2610.919034415075
270	2648.485327150781
272	2583.087977105096
274	2450.494419968954
276	2460.382405346947
278	2489.967887392216
280	2502.643031211999
282	2443.243203546576
284	2451.3033468625017
286	2337.9135566615264
288	2301.4939790021103
290	2317.087150595584
292	2280.3284457557643
294	2202.3284720119373
296	2186.178599919524
298	2186.385275663232
300	2199.494249981752
302	2107.4889567836
304	2121.783620691581
306	2097.978777150154
308	2038.675729434802
310	2031.3959090090718
312	2002.348179732295
314	1969.1265311803559
316	1958.6065874740457
318	1943.8432077828377
320	1908.5901851984936
322	1905.9406039712542
324	1858.4802754129732
326	1843.9518482355907
328	1827.7487500113482
330	1814.8949883033902
332	1779.8111079498256
334	1772.582264085942
336	1742.069675528811
338	1712.9692942292475
340	1705.2209135595438
342	1677.5343769807355
344	1658.1592610821838
346	1647.9827077724622
348	1623.0936922458932
350	1601.2422049004078
352	1581.9094845311977
354	1579.9117140076341
356	1552.5371736729169
358	1535.5273556460293
360	1519.4304682841707
362	1502.40985773298
364	1477.1365211415903
366	1463.757370819558
368	1441.953623170168
370	1430.1099594630618
372	1413.368644687998
374	1397.8344789099112
376	1382.7651100684404
378	1366.885906309567
380	1344.536252371408
382	1333.6111777500823
384	1321.5302249311144
386	1305.4421402416035
388	1288.8842325424441
390	1275.093414664107
392	1263.0324538568225
394	1243.4307666776945
396	1233.216221287377
398	1213.5043537462875
400	1207.4492440697402
402	1191.351864478671
404	1180.8544754711754
406	1165.35464356912
408	1155.907681081539
410	1140.199827883024
412	1129.8436915180216
414	1118.7450846718348
416	1102.3094184997128
418	1088.0921113263112
420	1081.185159661742
422	1069.1213338390996
424	1058.1583911032853
426	1042.8249538504858
428	1035.1857912523515
430	1024.0080381888056
432	1012.4386765009724
434	1001.6132731897846
436	991.4002784263492
438	979.0817924340711
440	970.0338060519539
442	958.2132345008392
444	948.0136431180504
446	937.7855022132912
448	928.047368912231
450	918.0304691105225
452	905.6852339135455
454	897.9088319381001
456	889.4692746456813
458	877.1873656223011
460	868.1247127339296
462	858.8249760130404
464	850.6845010269847
466	841.5330999242548
468	829.5141455254364
470	821.9143836175963
472	814.7846332149012
474	804.8524439623679
476	795.9597190829606
478	785.8716362350366
480	778.1129512509095
482	768.9368985361584
484	759.8549364291188
486	751.2407324577745
488	743.2742877267041
490	737.2873011146996
492	727.6210677883663
494	720.2880880191153
496	711.8074545172224
498	702.3995556675542
500	694.0463664293655
502	686.0250007846082
504	678.3251058243723
506	671.1100224192135
508	662.8531215775957
510	654.7370127272924
512	647.9581656271056
514	640.7991496671303
516	632.5968897514739
518	624.3084501058421
520	617.9737422329379
522	610.4971672340239
524	604.2393463849925
526	596.4673890818239
528	588.9902921112001
530	582.3599210246801
532	574.9009259052691
534	569.1746965472007
536	562.3152629296205
538	556.306408168307
540	549.4938699148083
542	542.226793799396
544	536.0759730118411
546	528.9561918857103
548	522.61252472005
550	516.2151786326733
552	510.11432178164324
554	504.47317909435526
556	498.33037909318926
558	491.8685132949841
560	486.7632786680711
562	480.91140358366397
564	474.91584116005737
566	469.5142399335871
568	463.6727030847565
570	458.81933488905014
572	452.04850655885355
574	447.1362965699236
576	440.93828368870044
578	435.39493112999264
580	429.99162727590476
582	424.89500215788854
584	419.2360469649663
586	415.2049181661332
588	410.5166489117439
590	405.34324756466924
592	400.1836200481669
594	394.45922739808674
596	389.94729223083027
598	386.0522026630594
600	380.58665615825817
602	375.4899972850597
604	370.48404702185087
606	366.7335690259906
608	362.11057311547125
610	357.3214498704789
612	353.1728129236608
614	347.7961941181041
616	343.10395384521166
618	338.8559093202023
620	334.26393256096725
622	330.3256883854411
624	326.70577476052625
626	322.55235327509445
628	319.0910514680414
630	314.57134442014654
632	310.92174674559357
634	306.3398130739005
636	301.48998935793867
638	298.6622472289584
640	293.9002250635186
642	290.18842264169064
644	286.66699055400363
646	282.7355494367282
648	279.0594389247818
650	274.742286966759
652	271.4671594615261
654	267.8096839202638
656	264.0585912813028
658	260.72654636510606
660	256.97794614480864
662	254.0207497408932
664	251.20371879527832
666	247.5870461644464
668	244.5337994577956
670	241.01065385913395
672	238.30355382904028
674	235.18916784818617
676	232.13905835959517
678	229.50295101671978
680	225.12101465091092
682	221.7634683189919
684	218.93397521077026
686	215.96252918191982
688	213.1935589457084
690	209.50465201706265
692	206.41829849607925
694	203.52330512148316
696	200.92887418316388
698	198.4954170109442
700	196.21633277833223
702	194.06636137366897
704	190.41308656737704
706	188.21482007875767
708	185.0211671115961
710	182.61494161974696
712	179.88114857377906
714	177.39012178343918
716	174.20839360304535
718	172.62604972708013
720	169.9061831137367
722	167.58377373078267
724	164.59790522278914
726	163.10813978116747
728	161.368611664738
730	158.910131576972
732	156.36812358409887
734	154.50996379625425
736	152.4119167722186
738	150.16540451209804
740	147.643709499111
742	145.40675748500576
744	142.75014336580514
746	140.23789808556063
748	137.65040868416548
750	135.81259952623273
752	133.79481346198793
754	132.24536793272864
756	130.58793320152316
758	129.4394926429446
760	126.72706760101815
762	125.06164866393298
764	121.87675707566794
766	120.57208727401402
768	119.25167812188087
770	117.84751334397612
772	115.06234522745008
774	113.60787394487176
776	111.82825337091548
778	111.05291592023522
780	108.5441526100982
782	107.37013327142532
784	105.53277725700704
786	104.12103901266809
788	102.65335559589117
790	101.57787907419433
792	99.8666998771741
794	98.93839922879926
796	97.38692086956678
798	95.53289893867068
800	93.45695260328762
802	91.51596641388296
804	90.86564969322727
806	89.75612525922547
808	88.4368972570126
810	87.53715482528408
812	84.95851493337267
814	84.11918318202318
816	82.20844972885644
818	82.16011369333981
820	79.8199144313388
822	79.09606058420057
824	78.33442586707268
826	77.66918503271773
828	77.16380801781614
830	75.59592213068832
832	74.26768450263133
834	72.2164773691113
836	70.97322776840241
838	69.35648537048004
840	67.24112012530232
842	66.48397197351152
844	65.22804522782656
846	65.90146147311494
848	65.55876011082549
850	65.59750428679608
852	64.8805005609804
854	62.25050626333013
856	60.22055230829659
858	57.94994265897993
860	57.41957295767118
862	54.6658998765308
864	55.421858666171445
866	54.80030975534525
868	55.554418249955006
870	54.333989411222795
878	50.13670272658233
886	54.70892712084815
892	
894	
896	
898	
900	
902	
904	
906	46.824798548850175
908	47.11581102666329
910	
912	
914	
916	40.94116715808011
918	38.808360821436814
920	35.85163603543505
922	
924	
926	32.7932209477376
928	30.77082376299368
930	31.484079224884606
932	
934	
936	
938	30.075470677308733
940	29.782666340671188
942	29.368416180400757
944	29.48712758209878
946	28.7872519573918
948	27.791099931601565
950	27.502859380945164
952	27.111942218500005
954	26.611297722234248
956	26.57410456408279
958	26.18984434939181
960	26.069741232848486
962	25.332206817204096
964	24.958049560828773
966	23.8406633451246
968	23.231737295834236
970	22.975609101766175
972	22.840674266910387
974	22.240849337933383
976	22.1198011102995
978	21.751659194012433
980	21.630358955744995
982	21.894803914427555
984	20.911790006781143
986	22.00015004341485
988	20.259078399758106
990	21.990723743929095
992	21.51174041212728
994	19.539166150624165
996	18.86537369507307
998	18.652801829746085
1000	18.418183074243863
1002	17.515192076029823
1004	18.288139505114938
1006	17.63217297465695
1008	17.375740305581687
1010	16.809663684273264
1012	16.330207853210695
1014	15.845065710854405
1016	15.606363179160581
1018	16.579675153538645
1020	15.303595569762242
1022	14.63054990199754
1024	14.789210122698307
1026	14.771308730184861
1028	14.931180431986641
1030	13.352462215295766
1032	13.74241943979341
1034	13.849291965389968
1036	13.138579216847363
1038	14.74789227047872
1040	14.631425054527364
1042	14.388973544714498
1044	13.055286047523163
1046	12.302612683646023
1048	12.063708041921505
1050	11.717716984105843
1052	12.062116794459671
1054	11.725400694196633
1056	10.950841507047192
1058	10.37080000375859
1060	10.249019827617628
1062	10.132426438484561
1064	9.772041392177382
1066	10.874318094373033
1068	10.285662399891908
1070	9.815781606795431
1072	9.8146008003785
1074	11.420562382271855
1076	8.760866008593565
1078	8.7599486739303
1080	9.731784916304871
1082	8.804438688469883
1084	8.805533002340695
1086	8.5716397319635
1088	8.566652482501313
1090	8.449862041465343
1092	8.679494395703182
1094	8.332059724568904
1096	8.32959672301309
1098	8.32959672301309
1100	7.346847025553089
1102	9.311320049844985
1104	9.547598976472539
1106	7.697747039850194
1108	6.716277243215502
1110	8.068771612448526
1112	7.527236333982305
1114	7.45338949083066
1116	6.718263296921994
1118	7.187173664484751
1120	7.250755427122804
1122	7.0983914644100095
1124	6.615396376853336
1126	6.584702490962407
1128	7.277324641337102
1130	6.617921018334611
1132	6.507068927314771
1134	6.521483982083602
1136	6.437275803229609
1138	6.3637810062082725
1140	6.710492532754042
1142	6.51398374587911
1144	6.62859059559995
1146	6.51421171443972
1148	6.266793413288839
1150	6.495203332271743
1152	6.045648138112414
1154	6.680469434652201
1156	6.48877059644522
1158	6.500097662976156
1160	7.368239706348294
1162	7.196440071455923
1164	7.149423435964202
1166	7.490464735312292
1168	6.793285597135153
1170	6.41765167980714
1172	5.680739833122917
1174	6.105925101906274
1176	4.134461233269189
1178	3.567658176059111
1180	2.9283297724100534
1182	
1184	
1186	
1188	
1190	
1192	
1194	
1196	
1198	
1200	
1202	3.260299613250448
1204	3.1167650307218357
1206	3.0970360149693517
1208	
1210	3.241673318194623
1212	
1214	2.9756545210703376
1216	3.8084671468367772
1218	3.216034165129992
1220	3.959314008929356
1222	3.36315639412105
1224	4.007729430906686
1226	2.7854246616720197
1228	3.433227333681904
1230	3.316558805689606
1232	3.0881435072222576
1234	3.0890435453259046
1236	
1238	3.216013651676401
1240	3.6584957072709905
1242	3.4288633530331523
1244	3.20139812828243
1246	3.4299473129586993
1248	3.20139812828243
1250	
1252	2.960411458379396
1254	3.1648124856165842
1256	3.3755814388465826
1258	
1260	2.68622126509129
1262	
1264	2.5699259732846444
1266	2.8657719721305024
1268	2.754851773160689
1270	
1272	2.964333641846245
1274	2.6209234779696557
1276	2.8336746156366432
1278	1.9479674548432782
1280	
1282	
1284	
1286	
1288	
1290	2.859412151598967
1292	2.859412151598967
1294	
1296	1.8796703348930213
1298	1.994972390778556
1300	
1302	
1304	2.2193654869313995
1306	
1308	
1310	
1312	
1314	
1316	2.1514418041202745
1318	1.9368541873521314
1320	
1322	
1324	
1326	2.07482721499924
1328	
1330	
1332	
1334	3.0757251216118324
1336	3.1482183890515474
1338	
1340	2.370489781771398
1342	2.742123524628984
1344	2.94861905895394
1346	3.2820447627389626
1348	3.6762823122229014
1350	3.461855241293261
1352	3.2982304959964814
1354	4.039373805081981
1356	3.298383402753747
1358	
1360	2.9652487737531077
1362	
1364	
1366	
1368	
1370	
1372	
1374	
1376	
1378	
1380	
1382	
1384	2.85465307247419
1386	3.0286364861592237
1388	2.399622429848521
1390	
1392	
1394	
1396	
1398	
1400	
1402	
1404	
1406	
1408	
1410	
1412	
1414	
1416	
1418	
1420	
1422	
1424	
1426	
1428	6.527266216776709
1430	6.347557005648212
1432	
1434	7.106759345233072
1436	
1438	7.326333541940675
1440	8.4626070191376
1442	8.034958105664987
1444	8.034958105664987
1446	8.05078823770581
1448	8.077030925055059
1450	8.908348124401588
1452	8.477049546433479
1454	8.59628739277901
1456	8.511394544908041
1458	8.076029871846629
1460	8.23196783483504
1462	8.242533599100263
1464	7.309438295126893
1466	7.568438728276935
1468	7.483921694220216
1470	7.965829822127257
1472	7.08235585108906
1474	6.870850795064333
1476	7.477179896812806
1478	6.706196131056484
1480	7.187158117661158
1482	6.152294210816678
1484	6.73213341335709
1486	6.147458858976494
1488	5.65304886702008
1490	5.829129397813194
1492	5.69076358040382
1494	
1496	4.950940038422526
1498	5.209697618260238
1500	4.766546193668515
1502	5.135223050598037
1504	5.372883751848662
1506	5.382157942352929
1508	
1510	
1512	5.0070382056266
1514	4.701443087932725
1516	
1518	
1520	
1522	4.957444930176663
1524	4.259556605528183
1526	
1528	5.25456269340862
1530	5.372556795098028
1532	5.490595347382485
1534	5.384324263318501
1536	5.1640968288451035
1538	5.300535143103722
1540	5.534738481980778
1542	5.763811487734892
1544	5.647826539775977
1546	5.550750641344134
1548	5.318823663076886
1550	5.300535143103722
1552	6.088850057607951
1554	5.642004039885617
1556	6.204492551385383
1558	6.204492551385383
1560	6.088850057607951
1562	5.4299131804310345
1564	5.669101288014028
1566	5.431222349745196
1568	5.6734651620237395
1570	6.039324396395227
1572	5.609265276063302
1574	5.985114953395252
1576	5.092635937291087
1578	
1580	4.945885604486793
1582	4.666312820892481
1584	4.261976797897273
1586	4.544926024455316
1588	4.241954392507348
1590	4.0943867594982715
1592	4.038833261236201
1594	4.118298722288445
1596	
1598	
1600	
1602	
1604	
1606	
1608	
1610	
1612	
1614	
1616	
1618	
1620	
1622	
1624	
1626	
1628	
1630	
1632	
1634	
1636	
1638	
1640	
1642	
1644	
1646	2.9823074381118078
1648	
1650	
1652	
1654	4.508347302452295
1656	
1658	6.746579929268871
1660	
1662	
1664	10.563629770005626
1666	
1668	
1670	
1672	
1674	
1676	
1678	
1680	
1682	
1684	
1686	
1688	
1690	
1692	
1694	
1696	
1698	
1700	
1702	
1704	
1706	
1708	
1710	
1712	
1714	
1716	
1718	
1720	
1722	
1724	
1726	
1728	
1730	9.196535739028297
1732	
1734	
1736	
1738	
1740	
1742	
1744	
1746	
1748	
1750	
1752	
1754	
1756	
1758	
1760	
1762	
1764	
1766	
1768	
1770	
1772	
1774	
1776	
1778	
1780	
1782	
1784	6.405695813188375
1786	
1788	
1790	
1792	
1794	
1796	
1798	
1800	
1802	
1804	
1806	
1808	
1810	
1812	
1814	
1816	
1818	
1820	
1822	
1824	
1826	
1828	
1830	
1832	
1834	
1836	
1838	
1840	
1842	
1844	
1846	
1848	
1850	
1852	
1854	
1856	
1858	
1860	
1862	
1864	
1866	
1868	
1870	5.93816180473832
1872	6.101585130126436
1874	6.6697966540541405
1876	7.64759893005014
1878	7.6977641936720005
1880	9.473394252521864
1882	9.809595815568054
1884	
1886	
1888	
1890	
1892	
1894	
1896	22.423007619588027
1898	25.42877326000207
1900	28.242668712857032
1902	32.223457222561386
1904	35.166705666652454
1906	36.8852162628284
1908	41.653492341309615
1910	43.82184955636905
1912	47.474367691121344
1914	52.004459283459916
1916	56.324646383311
1918	61.14844002329311
1920	65.74309974816723
1922	70.8871511148845
1924	75.6054828682059
1926	80.70740112693174
1928	87.54239983528353
1930	92.6890969437361
1932	98.78516091862033
1934	103.85065112897036
1936	107.41553769009292
1938	110.73468304344648
1940	112.04190642674222
1942	114.19899152508265
1944	114.30231678188336
1946	113.73471949944864
1948	112.4175377084056
1950	110.98826659053243
1952	107.80552809822916
1954	102.61140259791321
1956	98.77337325332799
1958	93.90348415778129
1960	88.33770026077026
1962	82.48421748825528
1964	78.27130701950243
1966	72.80339621217966
1968	68.74938116779931
1970	65.43576624070033
1972	60.90564843555451
1974	56.40324642710896
1976	52.811494979667856
1978	48.49874892324918
1980	46.557107994303585
1982	42.39249312979564
1984	39.705174595493446
1986	37.48448192116324
1988	35.076287182383545
1990	32.86302566989399
1992	30.914207179938163
1994	28.07003342812178
1996	25.49537500658064
1998	24.486822030431714
2000	22.333635090317298
2002	21.32357392196203
2004	19.96359524006631
2006	19.471313184810636
2008	19.31882112922474
2010	18.982407297343826
2012	17.87168694743337
2014	18.433154530285147
2016	17.388277160011494
2018	16.58637078750355
2020	15.909301237343382
2022	16.076992516344358
2024	15.837588031031622
2026	16.638703123573684
2028	15.161667614968039
2030	14.487811474789643
2032	12.88778599674225
2034	13.337463580698575
2036	11.352976480062654
2038	12.043292793219493
2040	
2042	
2044	
2046	
2048	
2050	
2052	
2054	
2056	
2058	
2060	
2062	10.680581003169417
2064	10.931295549880934
2066	11.91342705772075
2068	12.18476727111782
2070	11.841604875284197
2072	
2074	12.037324710818552
2076	12.285642961244232
2078	
2080	
2082	
2084	
2086	
2088	9.599404572549663
2090	
2092	10.458713733313346
2094	
2096	
2098	
2100	
2102	
2104	
2106	10.447860109954325
2108	11.868355473462351
2110	11.663519275893972
2112	
2114	14.720404391529172
2116	
2118	
2120	
2122	
2124	
2126	
2128	
2130	15.78739973277114
2132	14.709009017415546
2134	16.51238732184823
2136	15.703947684533047
2138	16.568442277240322
2140	
2142	16.61260775482116
2144	16.969393217865928
2146	
2148	
2150	
2152	
2154	
2156	
2158	16.505578357465467
2160	
2162	16.68445091910101
2164	17.072769040809966
2166	16.274640082273674
2168	
2170	
2172	
2174	
2176	
2178	
2180	15.766555391751865
2182	17.13453419450944
2184	16.411838363101076
2186	
2188	
2190	
2192	
2194	
2196	
2198	20.117707109841714
2200	23.208242983165192
2202	23.43224556303253
2204	
2206	20.02895109611692
2208	
2210	
2212	16.776392695872417
2214	
2216	18.892905195079564
2218	21.33907997651805
2220	21.47263766571465
2222	20.730097937147477
2224	20.602084616310137
2226	
2228	
2230	
2232	
2234	24.660720278952567
2236	
2238	
2240	
2242	
2244	
2246	
2248	
2250	
2252	
2254	
2256	
2258	
2260	
2262	
2264	
2266	
2268	
2270	
2272	
2274	
2276	
2278	
2280	
2282	
2284	
2286	
2288	
2290	
2292	
2294	
2296	
2298	
2300	
2302	
2304	
2306	
2308	
2310	
2312	
2314	
2316	
2318	
2320	3032.919766902333
2322	
2324	
2326	
2328	
2330	
2332	
2334	
2336	
2338	
2340	
2342	
2344	
2346	
2348	
2350	
2352	
2354	
2356	
2358	
2360	
2362	
2364	
2366	
2368	
2370	
2372	
2374	
2376	
2378	
2380	
2382	
2384	
2386	
2388	
2390	
2392	
2394	
2396	
2398	
2400	
2402	
2404	
2406	
2408	
2410	
2412	
2414	
2416	
2418	
2420	
2422	
2424	
2426	
2428	
2430	
2432	
2434	
2436	
2438	
2440	
2442	
2444	
2446	
2448	
2450	
2452	
2454	
2456	
2458	
2460	
2462	
2464	
2466	
2468	
2470	
2472	
2474	
2476	
2478	
2480	
2482	
2484	
2486	
2488	
2490	
2492	
2494	
2496	
2498	
2500	
