nm	mua[cm-1]
450.0	261.6
452.0	236.0
454.0	216.1
456.0	209.79999999999998
458.0	193.70000000000002
460.0	182.5
462.0	171.45
464.0	166.0
466.0	158.9
468.0	150.60000000000002
470.0	142.9
472.0	138.39999999999998
474.0	133.4
476.0	125.8
478.0	123.05
480.0	118.9
482.0	116.8
484.0	113.6
486.0	108.7
488.0	105.60000000000001
490.0	104.3
492.0	101.49999999999999
494.0	99.53999999999999
496.0	97.87
498.0	96.13000000000001
500.0	94.01
502.0	94.95
504.0	92.09
506.0	92.27
508.0	90.33
510.0	92.29
512.0	92.91
514.0	95.57
516.0	98.36
518.0	103.49999999999999
520.0	111.80000000000001
522.0	122.30000000000001
524.0	133.70000000000002
526.0	149.3
528.0	162.70000000000002
530.0	179.35000000000002
532.0	195.15
534.0	214.8
536.0	222.70000000000005
538.0	227.4
540.0	234.7
542.0	233.45
544.0	232.39999999999998
546.0	223.89999999999998
548.0	214.1
550.0	196.8
552.0	180.9
554.0	169.95
556.0	160.60000000000002
558.0	155.39999999999998
560.0	153.0
562.0	155.7
564.0	161.7
566.0	167.7
568.0	181.8
570.0	202.70000000000002
572.0	219.00000000000003
574.0	234.00000000000003
576.0	250.85000000000002
578.0	241.5
580.0	228.29999999999998
582.0	198.75
584.0	165.6
586.0	131.7
588.0	100.69999999999999
590.0	78.47
592.0	59.02
594.0	46.55999999999999
596.0	37.419999999999995
598.0	31.15
600.0	26.34999999999999
600.0	21.31
602.0	17.215000000000003
604.0	14.19
606.0	11.9
608.0	10.06
610.0	8.614
612.0	7.45
614.0	6.544
616.0	5.812
618.0	5.204
620.0	4.716
622.0	4.266
624.0	3.908
626.0	3.593
628.0	3.31
630.0	3.088
632.0	2.873
634.0	2.708
636.0	2.541
638.0	2.409
640.0	2.287
642.0	2.169
644.0	2.085
646.0	2.002
648.0	1.935
650.0	1.871
652.0	1.82
654.0	1.7680000000000002
656.0	1.722
658.0	1.6800000000000002
660.0	1.631
662.0	1.5890000000000002
664.0	1.5559999999999998
666.0	1.514
668.0	1.505
670.0	1.4860000000000002
672.0	1.473
674.0	1.4449999999999998
676.0	1.44
678.0	1.436
680.0	1.432
682.0	1.423
684.0	1.432
686.0	1.429
688.0	1.431
690.0	1.441
692.0	1.447
694.0	1.464
696.0	1.477
698.0	1.5
700.0	1.513
702.0	1.544
704.0	1.573
706.0	1.603
708.0	1.632
710.0	1.663
712.0	1.704
714.0	1.736
716.0	1.775
718.0	1.818
720.0	1.86
722.0	1.906
724.0	1.946
726.0	1.996
728.0	2.047
730.0	2.098
732.0	2.144
734.0	2.206
736.0	2.25
738.0	2.309
740.0	2.355
742.0	2.415
744.0	2.465
746.0	2.527
748.0	2.579
750.0	2.639
752.0	2.6900000000000004
754.0	2.754
756.0	2.817
758.0	2.8710000000000004
760.0	2.93
762.0	2.989
764.0	3.045
766.0	3.1130000000000004
768.0	3.1590000000000003
770.0	3.223
772.0	3.2840000000000003
774.0	3.335
776.0	3.405
778.0	3.462
780.0	3.532
782.0	3.586
784.0	3.643
786.0	3.716
788.0	3.782
790.0	3.839
792.0	3.902
794.0	3.969
796.0	4.022
798.0	4.093
800.0	4.164
802.0	4.215999999999999
804.0	4.273
806.0	4.351999999999999
808.0	4.422
810.0	4.471
812.0	4.529
814.0	4.61
816.0	4.674
818.0	4.733
820.0	4.791
822.0	4.865
824.0	4.914
826.0	4.981999999999999
828.0	5.039
830.0	5.112
832.0	5.159000000000001
834.0	5.225999999999999
836.0	5.302
838.0	5.347
840.0	5.41
842.0	5.465999999999999
844.0	5.535
846.0	5.589
848.0	5.634
850.0	5.696
852.0	5.734
854.0	5.793
856.0	5.845000000000001
858.0	5.888999999999999
860.0	5.959
862.0	6.013
864.0	6.052
866.0	6.112
868.0	6.139
870.0	6.192
872.0	6.253
874.0	6.275
876.0	6.32
878.0	6.3660000000000005
880.0	6.409000000000001
882.0	6.456
884.0	6.473
886.0	6.513
888.0	6.544
890.0	6.598000000000001
892.0	6.606
894.0	6.6530000000000005
896.0	6.686
898.0	6.710000000000001
900.0	6.726999999999999
902.0	6.752000000000001
904.0	6.78
906.0	6.813000000000001
908.0	6.823
910.0	6.843
912.0	6.877
914.0	6.863
916.0	6.888999999999999
918.0	6.872
920.0	6.917999999999999
922.0	6.936999999999999
924.0	6.928999999999999
926.0	6.953
928.0	6.954000000000001
930.0	6.963
932.0	6.978999999999999
934.0	6.98
936.0	7.0
938.0	7.005
940.0	7.014
942.0	7.020999999999999
944.0	7.01
946.0	7.032
948.0	7.057
950.0	7.061
952.0	7.058999999999999
954.0	7.09
956.0	7.1240000000000006
958.0	7.119
960.0	7.135
962.0	7.129
964.0	7.107
966.0	7.105
968.0	7.0840000000000005
970.0	7.029
972.0	7.024
974.0	6.993
976.0	6.972
978.0	6.946
980.0	6.895
982.0	6.873
984.0	6.829
986.0	6.776999999999999
988.0	6.766
990.0	6.688
992.0	6.631
994.0	6.58
996.0	6.53
998.0	6.5
1000.0	6.422
1002.0	6.394
1004.0	6.347
1006.0	6.287000000000001
1008.0	6.2
1010.0	6.1450000000000005
1012.0	6.047000000000001
1014.0	6.046
1016.0	5.946
1018.0	5.864000000000001
1020.0	5.8340000000000005
1022.0	5.707
1024.0	5.656
1026.0	5.587999999999999
1028.0	5.5
1030.0	5.462
1032.0	5.343
1034.0	5.2780000000000005
1036.0	5.220000000000001
1038.0	5.098000000000001
1040.0	5.056000000000001
1042.0	4.95
1044.0	4.868
1046.0	4.8420000000000005
1048.0	4.6850000000000005
1050.0	4.6370000000000005
1052.0	4.569
1054.0	4.441
1056.0	4.418
1058.0	4.309
1060.0	4.226
1062.0	4.188
1064.0	4.039
1066.0	3.983
1068.0	3.911
1070.0	3.806
1072.0	3.757
1074.0	3.652
1076.0	3.565
1078.0	3.53
1080.0	3.411
1082.0	3.359
1084.0	3.27
1086.0	3.189
1088.0	3.149
1090.0	3.046
1092.0	2.985
1094.0	2.935
1096.0	2.828
1098.0	2.7960000000000003
1100.0	2.726
1102.0	2.652
1104.0	2.606
1106.0	2.523
1108.0	2.476
1110.0	2.428
1112.0	2.3400000000000003
1114.0	2.315
1116.0	2.248
1118.0	2.188
1120.0	2.157
1122.0	2.0860000000000003
1124.0	2.056
1126.0	2.021
1128.0	1.971
1130.0	1.961
1132.0	1.937
1134.0	1.931
1136.0	1.944
1138.0	1.935
1140.0	1.974
1142.0	1.998
1144.0	2.019
1146.0	2.064
1148.0	2.094
1150.0	2.127
1152.0	2.149
1154.0	2.163
1156.0	2.171
1158.0	2.175
1160.0	2.167
1162.0	2.168
1164.0	2.153
1166.0	2.145
1168.0	2.132
1170.0	2.123
1172.0	2.103
1174.0	2.091
1176.0	2.083
1178.0	2.063
1180.0	2.065
1182.0	2.056
1184.0	2.037
1186.0	2.0380000000000003
1188.0	2.015
1190.0	2.008
1192.0	2.006
1194.0	1.974
1196.0	1.966
1198.0	1.942
1200.0	1.914
1202.0	1.908
1204.0	1.875
1206.0	1.847
1208.0	1.838
1210.0	1.79
1212.0	1.784
1214.0	1.766
1216.0	1.73
1218.0	1.734
1220.0	1.701
1222.0	1.681
1224.0	1.6700000000000002
1226.0	1.628
1228.0	1.628
1230.0	1.616
1232.0	1.5870000000000002
1234.0	1.593
1236.0	1.563
1238.0	1.548
1240.0	1.5470000000000002
1242.0	1.508
1244.0	1.502
1246.0	1.493
1248.0	1.463
1250.0	1.467
1252.0	1.4349999999999998
1254.0	1.4249999999999998
1256.0	1.427
1258.0	1.3850000000000002
1260.0	1.392
1262.0	1.386
1264.0	1.36
1266.0	1.379
1268.0	1.364
1270.0	1.356
1272.0	1.369
1274.0	1.346
1276.0	1.361
1278.0	1.366
1280.0	1.352
1282.0	1.375
1284.0	1.373
1286.0	1.373
1288.0	1.399
1290.0	1.393
1292.0	1.407
1294.0	1.432
1296.0	1.431
1298.0	1.4680000000000002
1300.0	1.484
1302.0	1.501
1304.0	1.5459999999999998
1306.0	1.5590000000000002
1308.0	1.591
1310.0	1.645
1312.0	1.6669999999999998
1314.0	1.73
1316.0	1.777
1318.0	1.819
1320.0	1.887
1322.0	1.941
1324.0	2.014
1326.0	2.098
1328.0	2.147
1330.0	2.233
1332.0	2.3200000000000003
1334.0	2.388
1336.0	2.491
1338.0	2.577
1340.0	2.667
1342.0	2.776
1344.0	2.851
1346.0	2.941
1348.0	3.034
1350.0	3.114
1352.0	3.206
1354.0	3.272
1356.0	3.347
1358.0	3.458
1360.0	3.523
1362.0	3.624
1364.0	3.718
1366.0	3.84
1368.0	3.973
1370.0	4.118
1372.0	4.313000000000001
1374.0	4.506
1376.0	4.758
1378.0	5.09
1380.0	5.470000000000001
1382.0	5.934
1384.0	6.473
1386.0	7.151999999999999
1388.0	7.972
1390.0	8.854
1392.0	9.978
1394.0	11.21
1396.0	12.4
1398.0	14.42
1400.0	15.77
1402.0	17.0
1404.0	17.89
1406.0	19.39
1408.0	20.515
1410.0	21.68
1412.0	24.315
1414.0	23.95
1416.0	24.625
1418.0	25.3
1420.0	25.975
1422.0	26.363750000000003
1424.0	26.7525
1426.0	27.14125
1428.0	27.53
1430.0	27.637272727272727
1432.0	27.744545454545456
1434.0	27.85181818181818
1436.0	27.95909090909091
1438.0	28.06636363636364
1440.0	28.17363636363637
1442.0	28.28090909090909
1444.0	28.38818181818182
1446.0	28.495454545454542
1448.0	28.60272727272727
1450.0	28.71
1452.0	28.613333333333333
1454.0	28.51666666666667
1456.0	28.42
1458.0	28.31833333333333
1460.0	28.21666666666667
1462.0	28.115
1464.0	28.01333333333333
1466.0	27.911666666666665
1468.0	27.81
1470.0	28.325000000000003
1472.0	27.32
1474.0	26.86
1476.0	26.605
1478.0	26.35
1480.0	25.48
1482.0	25.73
1484.0	25.19
1486.0	25.18
1488.0	24.620000000000005
1490.0	24.495
1492.0	24.785
1494.0	24.0575
1496.0	23.33
1498.0	21.73
1500.0	22.035
1502.0	23.14
1504.0	21.425
1506.0	21.78
1508.0	20.68
1510.0	20.52
1512.0	20.77
1514.0	19.84
1516.0	19.33
1518.0	18.85
1520.0	19.015
1522.0	18.04
1524.0	17.17
1526.0	17.490000000000002
1528.0	16.645
1530.0	16.34
1532.0	16.279999999999998
1534.0	15.94
1536.0	15.315
1538.0	14.970000000000002
1540.0	14.58
1542.0	14.44
1544.0	14.1
1546.0	13.5
1548.0	13.63
1550.0	13.225
1552.0	12.785
1554.0	12.39
1556.0	12.47
1558.0	11.83
1560.0	11.84
1562.0	11.37
1564.0	11.080000000000002
1566.0	11.2
1568.0	10.67
1570.0	10.67
1572.0	10.55
1574.0	10.2
1576.0	10.009999999999998
1578.0	9.865
1580.0	9.852
1582.0	9.483
1584.0	9.294
1586.0	9.225
1588.0	9.026
1590.0	8.749
1592.0	8.754
1594.0	8.606
1596.0	8.543
1598.0	8.347999999999999
