nm	mua[cm-1]	musp[cm-1]
450.0	0.1601	6.429
452.0	0.1616	6.462
454.0	0.1655999999999999	6.454
456.0	0.1631	6.42
458.0	0.1664	6.43
460.0	0.1649	6.414
462.0	0.1694999999999999	6.391
464.0	0.1636999999999999	6.399
466.0	0.1655999999999999	6.372999999999999
468.0	0.1641	6.329000000000001
470.0	0.1652	6.363
472.0	0.1608	6.33
474.0	0.1593	6.303999999999999
476.0	0.1644	6.289
478.0	0.1611	6.321
480.0	0.1604	6.288
482.0	0.1628	6.276000000000001
484.0	0.1619999999999999	6.248
486.0	0.1631	6.231
488.0	0.164	6.228
490.0	0.1619999999999999	6.206
492.0	0.1642	6.212
494.0	0.1629	6.165000000000001
496.0	0.1667	6.197
498.0	0.1606	6.118
500.0	0.1621	6.127000000000001
502.0	0.1621999999999999	6.114000000000001
504.0	0.1606	6.082999999999999
506.0	0.1627	6.096
508.0	0.1643	6.0840000000000005
510.0	0.1631	6.061
512.0	0.1626	6.047000000000001
514.0	0.16	6.010999999999999
516.0	0.1623	6.032
518.0	0.1619	6.009
520.0	0.1604	5.997
522.0	0.1626	5.954000000000001
524.0	0.1597	5.949999999999999
526.0	0.1588	5.920999999999999
528.0	0.1619999999999999	5.934
530.0	0.1611999999999999	5.918
532.0	0.1632	5.896
534.0	0.1604999999999999	5.894
536.0	0.1619	5.865
538.0	0.1628	5.868
540.0	0.1633	5.835
542.0	0.1621	5.819
544.0	0.1596	5.791
546.0	0.1594999999999999	5.775
548.0	0.1583999999999999	5.77
550.0	0.1589	5.739999999999999
552.0	0.1585	5.716
554.0	0.1596	5.747
556.0	0.1597	5.694
558.0	0.1613	5.711
560.0	0.1588	5.694
562.0	0.1606	5.656
564.0	0.1597	5.659999999999999
566.0	0.1582	5.651000000000001
568.0	0.1598	5.623
570.0	0.1621	5.635
572.0	0.1621	5.613
574.0	0.1613	5.597
576.0	0.1603	5.593
578.0	0.1594999999999999	5.571000000000001
580.0	0.1604	5.5440000000000005
582.0	0.1594999999999999	5.533
584.0	0.1594	5.531000000000001
586.0	0.1598	5.507
588.0	0.1617	5.464
590.0	0.1617	5.472
592.0	0.1599	5.429
594.0	0.1597	5.436
596.0	0.1603	5.427999999999999
598.0	0.1596	5.392
600.0	0.1597	5.377
602.0	0.1603	5.381
604.0	0.1598	5.369000000000001
606.0	0.1604	5.333
608.0	0.1614	5.323
610.0	0.161	5.319000000000001
612.0	0.1621999999999999	5.313
614.0	0.1604	5.28
616.0	0.161	5.271
618.0	0.1597	5.247000000000001
620.0	0.1591	5.239000000000001
622.0	0.1604	5.222
624.0	0.161	5.21
626.0	0.1613	5.205
628.0	0.1623	5.199
630.0	0.1601	5.189
632.0	0.1617	5.1770000000000005
634.0	0.1625	5.181
636.0	0.1593	5.140000000000001
638.0	0.1596	5.125
640.0	0.1591	5.109
642.0	0.1565	5.084
644.0	0.1611999999999999	5.066000000000001
646.0	0.1558999999999999	5.04
648.0	0.1569999999999999	5.034
650.0	0.1593	5.031
652.0	0.1603	5.016
654.0	0.1583999999999999	5.004
656.0	0.1594	4.991
658.0	0.1588	4.976
660.0	0.1591	4.965
662.0	0.1585	4.95
664.0	0.1589	4.925
666.0	0.1596	4.924
668.0	0.1611999999999999	4.8870000000000005
670.0	0.1575	4.883
672.0	0.1596	4.874
674.0	0.158	4.852
676.0	0.1583	4.83
678.0	0.1556	4.814
680.0	0.1565	4.808
682.0	0.1545	4.803
684.0	0.1542	4.796
686.0	0.1541	4.763
688.0	0.1548	4.757
690.0	0.1551	4.7410000000000005
692.0	0.156	4.734999999999999
694.0	0.1565	4.714
696.0	0.1571	4.69
698.0	0.1581	4.69
700.0	0.1557	4.668
702.0	0.1561	4.641
704.0	0.1576	4.6370000000000005
706.0	0.1563	4.627
708.0	0.1589	4.616
710.0	0.1554	4.599
712.0	0.1554	4.587
714.0	0.1573	4.584
716.0	0.1569999999999999	4.573
718.0	0.1576	4.558
720.0	0.1572	4.5440000000000005
722.0	0.1578	4.529
724.0	0.1594	4.502
726.0	0.1578999999999999	4.482
728.0	0.1604999999999999	4.482
730.0	0.1589	4.455
732.0	0.1599	4.452
734.0	0.1614	4.449
736.0	0.1632	4.443
738.0	0.1636999999999999	4.424
740.0	0.1629999999999999	4.41
742.0	0.1667	4.407
744.0	0.1672999999999999	4.382
746.0	0.1665	4.378
748.0	0.1619	4.363
750.0	0.1574	4.355
752.0	0.1576	4.34
754.0	0.1569999999999999	4.332
756.0	0.1545	4.307
758.0	0.1553	4.3020000000000005
760.0	0.1554	4.27
762.0	0.1556	4.27
764.0	0.1558	4.258
766.0	0.1572	4.258
768.0	0.1561	4.232
770.0	0.156	4.23
772.0	0.1565	4.2170000000000005
774.0	0.1563	4.205
776.0	0.1551	4.194
778.0	0.1553	4.19
780.0	0.1542	4.163
782.0	0.1538	4.142
784.0	0.1542	4.12
786.0	0.1544	4.108
788.0	0.1558	4.091
790.0	0.1551	4.093999999999999
792.0	0.155	4.078
794.0	0.1544	4.068
796.0	0.1552	4.059
798.0	0.1566	4.052
800.0	0.1568	4.04
802.0	0.1582	4.033
804.0	0.1571	4.021
806.0	0.1588	4.018
808.0	0.1581	3.999
810.0	0.1586	3.997
812.0	0.1609	3.994
814.0	0.1596	3.977
816.0	0.1566	3.938
818.0	0.1571	3.945
820.0	0.1556	3.933
822.0	0.1558999999999999	3.922
824.0	0.1544	3.896
826.0	0.1565	3.888
828.0	0.1542	3.864
830.0	0.1538999999999999	3.855
832.0	0.1573	3.844
834.0	0.1549	3.839
836.0	0.1565	3.832
838.0	0.1583	3.827
840.0	0.1566	3.813
842.0	0.1568	3.798
844.0	0.1568	3.786
846.0	0.1563	3.773
848.0	0.1568999999999999	3.771
850.0	0.1567	3.757
852.0	0.1596	3.755
854.0	0.1604999999999999	3.729
856.0	0.1583999999999999	3.731
858.0	0.1571	3.716
860.0	0.1578999999999999	3.703
862.0	0.1585	3.707
864.0	0.1571	3.677000000000001
866.0	0.1538999999999999	3.67
868.0	0.1563	3.662
870.0	0.1542	3.655
872.0	0.1582	3.646
874.0	0.1592	3.644
876.0	0.1658	3.624
878.0	0.1664	3.609
880.0	0.1703	3.611
882.0	0.1679	3.5970000000000004
884.0	0.1677	3.588
886.0	0.1654	3.576
888.0	0.1688	3.573
890.0	0.1716	3.5620000000000003
892.0	0.1757	3.544
894.0	0.1791999999999999	3.548
896.0	0.1857	3.522
898.0	0.1975	3.524
900.0	0.2091	3.503
902.0	0.2227	3.495
904.0	0.242	3.498
906.0	0.2667	3.491
908.0	0.2857	3.468
910.0	0.281	3.4610000000000003
912.0	0.2377999999999999	3.4560000000000004
914.0	0.2072	3.4399999999999995
916.0	0.1943	3.426
918.0	0.1886	3.411
920.0	0.1784	3.411
922.0	0.1714999999999999	3.387
924.0	0.1627	3.382
926.0	0.1602	3.369
928.0	0.1553	3.366
930.0	0.1586	3.375
932.0	0.1565	3.362
934.0	0.1557	3.353
936.0	0.1544	3.341
938.0	0.1556	3.319
940.0	0.1542	3.302
942.0	0.1594	3.302
944.0	0.1568	3.2940000000000005
946.0	0.1581	3.282
948.0	0.1611	3.278
950.0	0.1592	3.26
952.0	0.1578999999999999	3.257
954.0	0.1578999999999999	3.252
956.0	0.1575	3.242
958.0	0.1582	3.232
960.0	0.1564	3.216
962.0	0.1578999999999999	3.213
964.0	0.1561	3.206
966.0	0.1575	3.1979999999999995
968.0	0.158	3.182
970.0	0.1557	3.1740000000000004
972.0	0.1552	3.161
974.0	0.1567	3.16
976.0	0.1585	3.152
978.0	0.1551	3.136
980.0	0.1541	3.129
982.0	0.1568999999999999	3.133
984.0	0.1563	3.112
986.0	0.1583	3.103
988.0	0.1617	3.099
990.0	0.1633	3.091
992.0	0.1653	3.08
994.0	0.1672999999999999	3.067
996.0	0.166	3.055
998.0	0.1694999999999999	3.047
1000.0	0.1722	3.039
1002.0	0.1755	3.029
1004.0	0.1811	3.02
1006.0	0.1801	3.006
1008.0	0.1823	3.002
1010.0	0.1858999999999999	2.9930000000000003
1012.0	0.1879	2.99
1014.0	0.1976	2.982
1016.0	0.2029	2.975
1018.0	0.2086	2.9570000000000003
1020.0	0.2163999999999999	2.951
1022.0	0.2101	2.946
1024.0	0.2084	2.938
1026.0	0.2054	2.931
1028.0	0.1963	2.923
1030.0	0.1941999999999999	2.914
1032.0	0.183	2.909
1034.0	0.1791999999999999	2.899
1036.0	0.1761	2.8960000000000004
1038.0	0.1682	2.886
1040.0	0.1694999999999999	2.877
1042.0	0.1678	2.865
1044.0	0.1657	2.862
1046.0	0.1684	2.842
1048.0	0.1628	2.839
1050.0	0.1644	2.833
1052.0	0.1672	2.822
1054.0	0.1641	2.8149999999999995
1056.0	0.1672	2.808
1058.0	0.1677	2.801
1060.0	0.1663	2.8000000000000003
1062.0	0.1714	2.786
1064.0	0.1662	2.779
1066.0	0.1699	2.771
1068.0	0.1689999999999999	2.769
1070.0	0.1665	2.759
1072.0	0.1747	2.747
1074.0	0.1733	2.737
1076.0	0.1754	2.729
1078.0	0.183	2.721
1080.0	0.1798	2.722
1082.0	0.1865	2.7150000000000003
1084.0	0.1876	2.71
1086.0	0.1856	2.702
1088.0	0.1926999999999999	2.686
1090.0	0.1911	2.682
1092.0	0.1932	2.676
1094.0	0.1976	2.664
1096.0	0.1924	2.666
1098.0	0.2	2.647
1100.0	0.1943	2.642
1102.0	0.1854	2.64
1104.0	0.1871	2.633
1106.0	0.178	2.632
1108.0	0.1768	2.6140000000000003
1110.0	0.178	2.603
1112.0	0.1718	2.604
1114.0	0.1774	2.591
1116.0	0.1757	2.586
1118.0	0.175	2.581
1120.0	0.1825999999999999	2.5700000000000003
1122.0	0.1795	2.564
1124.0	0.1856	2.56
1126.0	0.1916999999999999	2.552
1128.0	0.1933	2.5530000000000004
1130.0	0.2031	2.542
1132.0	0.2057	2.542
1134.0	0.2137	2.529
1136.0	0.2271	2.522
1138.0	0.2385999999999999	2.522
1140.0	0.2622	2.514
1142.0	0.2922	2.505
1144.0	0.3273999999999999	2.505
1146.0	0.371	2.489
1148.0	0.3988	2.496
1150.0	0.4311999999999999	2.488
1152.0	0.4442	2.483
1154.0	0.4438	2.472
1156.0	0.4503	2.465
1158.0	0.4502	2.46
1160.0	0.4412	2.45
1162.0	0.4329	2.446
1164.0	0.4259	2.437
1166.0	0.4292	2.431
1168.0	0.4512	2.425
1170.0	0.4927	2.4210000000000003
1172.0	0.5489	2.424
1174.0	0.6244000000000001	2.419
1176.0	0.7317	2.422
1178.0	0.8749	2.433
1180.0	1.0739999999999998	2.442
1182.0	1.301	2.46
1184.0	1.515	2.472
1186.0	1.634	2.468
1188.0	1.631	2.46
1190.0	1.524	2.453
1192.0	1.3159999999999998	2.427
1194.0	1.0	2.389
1196.0	0.7289	2.349
1198.0	0.5441	2.326
1200.0	0.4295	2.324
1202.0	0.3686	2.3000000000000003
1204.0	0.3202	2.296
1206.0	0.2962	2.2880000000000003
1208.0	0.2903	2.279
1210.0	0.2844	2.281
1212.0	0.296	2.273
1214.0	0.3083	2.265
1216.0	0.3091	2.265
1218.0	0.3054	2.246
1220.0	0.281	2.248
1222.0	0.2608999999999999	2.236
1224.0	0.2441	2.226
1226.0	0.2147	2.232
1228.0	0.2049	2.223
1230.0	0.1952999999999999	2.213
1232.0	0.1832	2.21
1234.0	0.186	2.203
1236.0	0.1805999999999999	2.194
1238.0	0.1797	2.188
1240.0	0.1828	2.18
1242.0	0.1768	2.183
1244.0	0.1815	2.177
1246.0	0.1814	2.176
1248.0	0.1761	2.172
1250.0	0.1849	2.162
1252.0	0.1801	2.157
1254.0	0.1787	2.156
1256.0	0.1849	2.144
1258.0	0.1779	2.144
1260.0	0.1830999999999999	2.135
1262.0	0.1851999999999999	2.129
1264.0	0.1808999999999999	2.124
1266.0	0.1851999999999999	2.118
1268.0	0.1835	2.115
1270.0	0.1830999999999999	2.109
1272.0	0.1901	2.098
1274.0	0.1849	2.098
1276.0	0.19	2.092
1278.0	0.1908	2.083
1280.0	0.1841999999999999	2.083
1282.0	0.191	2.076
1284.0	0.1893999999999999	2.069
1286.0	0.1868	2.068
1288.0	0.1913	2.056
1290.0	0.1872	2.054
1292.0	0.1876999999999999	2.052
1294.0	0.1912	2.039
1296.0	0.1844	2.041
1298.0	0.189	2.03
1300.0	0.1889	2.028
1302.0	0.1843	2.02
1304.0	0.1868999999999999	2.015
1306.0	0.181	2.015
1308.0	0.1797	2.01
1310.0	0.1819	1.999
1312.0	0.1728	1.996
1314.0	0.1765999999999999	1.991
1316.0	0.1759	1.993
1318.0	0.1747999999999999	1.982
1320.0	0.1802	1.969
1322.0	0.1775	1.968
1324.0	0.1783	1.965
1326.0	0.1827	1.964
1328.0	0.1818	1.956
1330.0	0.1872	1.945
1332.0	0.1909	1.94
1334.0	0.1906	1.932
1336.0	0.2017	1.929
1338.0	0.204	1.928
1340.0	0.209	1.925
1342.0	0.2202	1.918
1344.0	0.2236	1.917
1346.0	0.234	1.909
1348.0	0.244	1.904
1350.0	0.253	1.907
1352.0	0.2711	1.896
1354.0	0.291	1.887
1356.0	0.311	1.885
1358.0	0.3445	1.88
1360.0	0.3803999999999999	1.88
1362.0	0.4266	1.876
1364.0	0.4861	1.87
1366.0	0.5591999999999999	1.875
1368.0	0.6718000000000001	1.871
1370.0	0.7739	1.877
1372.0	0.8176	1.865
1374.0	0.7913000000000001	1.868
1376.0	0.7787	1.864
1378.0	0.7928000000000001	1.856
1380.0	0.8077	1.866
1382.0	0.8079000000000001	1.849
1384.0	0.8042	1.842
1386.0	0.8168	1.842
1388.0	0.8598	1.834
1390.0	0.9168	1.845
1392.0	1.0	1.838
1394.0	1.084	1.839
1396.0	1.162	1.829
1398.0	1.209	1.828
1400.0	1.215	1.826
1402.0	1.225	1.804
1404.0	1.237	1.818
1406.0	1.235	1.8010000000000002
1408.0	1.168	1.785
1410.0	1.067	1.779
1412.0	0.9831	1.764
1414.0	0.8876000000000001	1.75
1416.0	0.7782	1.721
1418.0	0.6809	1.727
1420.0	0.6133000000000001	1.7100000000000002
1422.0	0.5763	1.706
1424.0	0.5598000000000001	1.6969999999999998
1426.0	0.5428000000000001	1.706
1428.0	0.5323	1.682
1430.0	0.504	1.672
1432.0	0.4791999999999999	1.664
1434.0	0.4543	1.665
1436.0	0.4417999999999999	1.656
1438.0	0.426	1.65
1440.0	0.4037	1.644
1442.0	0.3805	1.638
1444.0	0.3621	1.63
1446.0	0.3432	1.6270000000000002
1448.0	0.3228	1.6189999999999998
1450.0	0.3051	1.617
1452.0	0.2938	1.616
1454.0	0.2943	1.612
1456.0	0.2898	1.6
1458.0	0.2942	1.594
1460.0	0.2983	1.598
1462.0	0.3046	1.603
1464.0	0.307	1.593
1466.0	0.3104	1.5870000000000002
1468.0	0.3122	1.5779999999999998
1470.0	0.2981	1.5779999999999998
1472.0	0.2915	1.58
1474.0	0.2904	1.57
1476.0	0.2871	1.573
1478.0	0.2828	1.563
1480.0	0.2875	1.5579999999999998
1482.0	0.2845	1.56
1484.0	0.2855999999999999	1.563
1486.0	0.2947	1.557
1488.0	0.2956999999999999	1.555
1490.0	0.3011	1.554
1492.0	0.3053	1.545
1494.0	0.3053	1.543
1496.0	0.3062	1.533
1498.0	0.316	1.535
1500.0	0.3336	1.545
1502.0	0.3614	1.535
1504.0	0.3842	1.54
1506.0	0.4008	1.539
1508.0	0.4173	1.531
1510.0	0.4453	1.534
1512.0	0.471	1.527
1514.0	0.5007	1.525
1516.0	0.5191	1.525
1518.0	0.5254000000000001	1.527
1520.0	0.54	1.5060000000000002
1522.0	0.5362	1.513
1524.0	0.5441	1.519
1526.0	0.5455	1.517
1528.0	0.5476000000000001	1.509
1530.0	0.5404	1.51
1532.0	0.5373	1.507
1534.0	0.5328999999999999	1.5060000000000002
1536.0	0.5353	1.499
1538.0	0.5381	1.493
1540.0	0.5356000000000001	1.496
1542.0	0.5341	1.497
1544.0	0.5354	1.495
1546.0	0.5321	1.497
1548.0	0.5304	1.48
1550.0	0.5317000000000001	1.48
1552.0	0.528	1.475
1554.0	0.5243	1.467
1556.0	0.5131	1.465
1558.0	0.487	1.467
1560.0	0.4696	1.459
1562.0	0.4578	1.451
1564.0	0.4314	1.443
1566.0	0.4059999999999999	1.452
1568.0	0.38	1.441
1570.0	0.3705	1.431
1572.0	0.3474	1.429
1574.0	0.327	1.4380000000000002
1576.0	0.3119	1.432
1578.0	0.2985	1.43
1580.0	0.2892	1.4280000000000002
1582.0	0.285	1.4169999999999998
1584.0	0.2793	1.413
1586.0	0.2715	1.42
1588.0	0.2683999999999999	1.404
1590.0	0.27	1.413
1592.0	0.267	1.411
1594.0	0.2644	1.406
1596.0	0.2646	1.413
1598.0	0.2654	1.4
